1 170
2 136
3 136
4 136
5 150
6 121
6 170
7 121
7 136
7 170
8 121
8 170
9 121
10 121
11 8
11 158
12 8
12 150
12 158
13 150
13 158
14 150
15 8
15 150
16 65
16 121
16 136
16 141
16 150
17 65
17 121
17 136
17 141
17 150
18 65
18 121
18 136
18 141
18 150
19 65
19 121
19 136
19 141
19 150
20 65
20 121
20 136
20 141
20 150
21 65
21 121
21 136
21 141
21 150
22 65
22 121
22 136
22 141
22 150
23 65
23 121
23 136
23 141
23 150
24 65
24 121
24 136
24 141
24 150
25 65
25 121
25 136
25 141
25 150
26 65
26 121
26 136
26 141
26 150
27 65
27 121
27 136
27 141
27 150
28 65
28 121
28 136
28 141
28 150
29 65
29 121
29 136
29 141
29 150
30 65
30 121
30 136
30 141
30 150
31 65
31 121
31 136
31 141
31 150
32 35
33 35
34 76
35 76
36 136
36 150
37 65
37 121
37 136
37 141
37 150
38 35
39 35
40 35
41 35
42 136
42 142
43 8
43 150
44 8
44 150
44 158
45 8
45 150
45 158
46 8
46 150
46 158
47 8
47 150
47 158
48 8
49 142
50 136
50 142
51 136
51 142
52 136
52 142
53 136
53 142
54 142
55 136
55 142
56 136
56 142
57 121
58 121
59 121
60 121
61 121
62 121
63 121
64 121
65 121
66 121
67 121
68 121
69 136
70 136
70 142
71 142
72 35
73 35
74 35
75 35
76 35
77 35
78 121
79 136
80 136
81 136
82 136
83 136
84 136
85 136
86 136
87 136
88 68
89 3
89 121
90 169
90 170
91 76
92 35
93 136
93 142
94 142
95 136
95 142
96 136
96 142
97 68
98 68
99 68
100 68
101 141
102 141
103 128
104 128
105 128
106 128
107 128
108 128
109 121
110 141
111 141
112 116
113 116
114 150
115 35
116 68
116 121
117 68
117 121
118 121
119 121
120 150
121 150
122 150
123 150
124 121
125 121
126 121
127 3
127 121
128 142
129 22
130 22
130 104
130 136
131 22
131 104
131 136
132 150
133 65
133 121
133 136
133 141
133 150
134 65
134 121
134 136
134 141
134 150
135 65
135 121
135 136
135 141
135 150
136 65
136 121
136 136
136 141
136 150
137 65
137 121
137 136
137 141
137 150
138 22
138 68
138 94
138 104
138 121
138 136
139 22
139 68
139 94
139 104
139 121
139 136
140 22
140 68
140 104
140 121
140 136
141 22
141 68
141 94
141 104
141 121
141 136
142 22
142 68
142 94
142 104
142 121
142 136
143 22
143 68
143 94
143 104
143 121
143 136
144 22
144 68
144 94
144 104
144 121
144 136
145 121
146 121
146 136
146 170
147 121
147 136
147 170
148 121
149 121
150 35
150 121
151 35
151 121
152 35
152 121
153 35
153 121
154 35
154 121
155 35
155 121
156 35
156 121
157 35
157 121
158 121
159 121
160 121
161 121
162 121
163 136
163 141
164 136
164 141
165 136
165 141
166 150
167 121
168 8
168 150
168 158
169 136
169 141
170 121
171 121
172 121
173 121
174 68
174 121
175 121
176 68
176 121
177 68
177 121
178 68
179 68
179 121
180 35
181 121
181 136
181 147
182 167
182 172
183 121
184 121
184 136
184 147
185 121
185 136
185 147
186 121
186 136
186 147
187 121
187 136
187 147
188 121
188 136
188 147
189 121
189 136
189 147
190 121
190 136
190 147
191 121
191 136
191 147
192 121
192 136
192 147
193 121
194 121
194 136
194 147
195 121
196 121
197 121
198 148
198 150
198 157
199 121
199 136
199 147
200 121
201 68
202 10
202 77
203 136
203 142
204 121
205 136
205 142
206 121
206 136
207 136
207 142
208 136
209 136
210 136
210 142
211 142
212 136
212 142
213 136
213 142
214 142
215 121
215 136
215 147
216 142
217 136
217 142
218 136
218 142
219 8
219 150
219 158
220 150
221 150
222 29
222 31
223 136
223 142
224 29
224 31
225 29
225 31
226 150
227 121
227 136
227 147
228 136
228 141
229 121
230 121
231 121
232 150
233 136
233 142
234 142
235 142
236 142
237 136
237 141
238 136
238 141
239 128
240 76
241 68
242 167
242 172
243 136
243 142
244 68
245 167
245 169
245 170
245 172
246 121
247 8
248 136
248 142
249 136
249 142
250 3
250 121
250 128
250 129
250 136
251 136
251 142
252 136
252 142
253 136
254 136
254 142
255 136
255 142
256 65
256 66
256 67
256 68
256 121
256 136
256 141
257 136
257 142
258 65
258 66
258 67
258 68
258 121
258 136
258 141
259 65
259 66
259 67
259 68
259 121
259 136
259 141
260 136
260 142
261 142
262 65
262 66
262 67
262 68
262 121
262 136
262 141
263 136
263 142
264 35
264 121
265 35
265 121
266 35
266 121
267 35
267 121
268 142
269 22
270 22
271 169
271 170
272 142
273 76
274 142
275 142
276 136
276 142
277 121
278 121
279 150
279 158
280 136
280 150
281 117
281 136
281 150
282 117
282 136
282 150
283 136
283 142
284 121
285 22
286 142
287 136
287 142
288 22
289 22
290 22
291 136
291 142
292 121
293 136
293 142
294 136
294 141
295 136
295 141
296 128
297 128
298 76
299 136
299 142
300 136
301 121
302 136
302 142
303 76
304 136
304 142
305 136
305 142
306 136
306 142
307 136
307 142
308 11
308 131
309 77
310 136
311 136
312 35
313 121
313 136
313 147
314 35
315 121
315 136
315 147
316 136
316 142
317 142
318 20
318 35
319 136
319 142
320 136
320 142
321 136
321 142
322 22
323 141
324 141
325 128
326 141
327 22
327 136
327 141
328 128
329 128
330 128
331 121
332 136
332 142
333 121
334 136
334 142
335 121
336 121
337 76
338 132
339 136
339 142
340 167
340 172
341 68
342 68
343 170
344 136
344 142
345 136
345 142
346 121
347 35
348 68
349 68
350 121
351 76
352 136
352 142
353 121
354 167
354 168
354 169
354 172
355 76
356 167
356 172
357 121
358 136
358 142
359 172
360 136
360 142
361 29
361 31
362 121
363 121
364 121
365 35
366 136
367 121
367 136
367 147
368 128
369 128
370 128
371 128
372 128
373 128
374 170
375 35
376 121
377 121
378 121
379 11
379 131
380 121
381 121
382 35
383 35
384 121
385 121
386 121
387 22
388 35
389 22
389 104
389 136
390 95
390 117
390 136
390 150
391 68
392 121
393 121
394 121
395 121
396 121
397 68
398 121
399 121
400 121
401 121
402 121
403 121
404 132
405 121
406 121
407 121
408 121
409 121
410 121
411 121
412 136
412 141
413 121
414 115
415 35
416 150
417 23
417 27
417 65
417 89
418 121
419 60
419 117
419 118
419 137
419 140
419 145
420 35
421 84
421 166
422 121
423 20
423 23
423 24
423 26
423 34
423 65
423 66
423 81
423 136
423 141
423 152
423 156
424 42
425 121
426 23
426 71
426 133
426 143
427 35
428 23
428 35
428 46
428 87
428 117
428 121
429 7
429 45
429 136
429 150
430 150
431 35
432 52
433 35
434 35
435 141
436 20
436 35
436 68
436 113
437 23
437 25
437 26
437 27
437 46
437 68
437 71
437 121
437 136
437 159
438 20
438 23
438 26
438 34
438 48
438 57
438 65
438 66
438 68
438 71
438 92
438 152
438 156
439 23
439 25
439 27
439 46
439 48
439 59
439 65
439 66
439 68
439 71
439 76
439 87
439 95
439 105
439 109
439 110
439 118
439 119
439 121
439 132
439 136
439 137
439 140
439 141
439 145
439 146
439 148
439 149
439 151
439 152
439 153
439 157
440 68
441 121
442 23
442 24
442 25
442 26
442 27
442 35
442 37
442 42
442 46
442 48
442 52
442 57
442 65
442 66
442 68
442 70
442 71
442 74
442 76
442 87
442 105
442 109
442 116
442 128
442 134
442 136
442 149
442 150
442 151
442 152
442 156
442 157
443 12
443 22
443 23
443 25
443 27
443 46
443 57
443 60
443 68
443 71
443 121
444 3
444 7
444 12
444 20
444 22
444 23
444 25
444 26
444 30
444 34
444 46
444 48
444 58
444 65
444 66
444 71
444 76
444 87
444 95
444 100
444 109
444 110
444 115
444 118
444 121
444 136
444 137
444 140
444 141
444 145
444 148
444 149
444 151
444 152
444 153
444 155
444 156
444 157
445 3
445 20
445 23
445 25
445 26
445 34
445 35
445 52
445 66
445 68
445 71
445 76
445 87
445 95
445 109
445 110
445 118
445 121
445 132
445 136
445 137
445 140
445 145
445 146
445 153
445 155
446 20
446 22
446 23
446 24
446 25
446 26
446 27
446 34
446 35
446 37
446 42
446 46
446 48
446 52
446 57
446 65
446 66
446 68
446 70
446 71
446 74
446 76
446 87
446 95
446 100
446 105
446 109
446 110
446 116
446 118
446 121
446 128
446 132
446 134
446 136
446 137
446 140
446 141
446 145
446 146
446 148
446 149
446 150
446 151
446 152
446 153
446 155
446 156
446 157
447 23
447 27
447 89
448 17
449 121
450 150
451 22
451 121
451 128
451 172
452 12
452 57
452 68
452 71
452 112
452 115
452 149
452 170
453 59
454 68
455 121
455 136
455 170
456 121
456 136
456 170
457 3
457 11
457 12
457 20
457 23
457 24
457 25
457 26
457 27
457 34
457 35
457 46
457 48
457 56
457 57
457 60
457 65
457 68
457 71
457 74
457 76
457 87
457 95
457 100
457 104
457 105
457 109
457 112
457 115
457 121
457 126
457 128
457 132
457 136
457 141
457 148
457 149
457 151
457 152
457 153
457 155
457 156
457 157
457 171
458 88
458 89
459 23
459 87
459 114
460 23
460 25
460 35
460 48
460 57
460 71
460 74
460 115
460 136
460 159
461 141
462 35
463 62
463 68
463 95
463 109
463 121
463 136
463 145
464 153
465 20
465 23
465 26
465 29
465 31
465 34
465 59
465 66
465 68
465 71
465 76
465 87
465 95
465 106
465 109
465 110
465 116
465 121
465 132
465 136
465 137
465 146
465 153
465 155
466 17
466 48
466 60
466 100
466 106
466 118
466 121
466 136
466 137
466 138
466 140
466 145
467 22
467 23
467 24
467 25
467 26
467 27
467 35
467 37
467 42
467 44
467 46
467 48
467 52
467 57
467 65
467 66
467 68
467 70
467 71
467 74
467 76
467 95
467 105
467 110
467 116
467 118
467 128
467 134
467 136
467 137
467 140
467 141
467 145
467 146
467 149
467 150
467 151
467 153
467 156
467 157
468 98
468 150
469 29
469 31
470 48
470 68
470 76
470 87
470 95
470 100
470 109
470 110
470 118
470 121
470 132
470 136
470 137
470 140
470 145
470 146
470 153
470 155
471 25
471 35
472 32
473 23
473 29
473 31
473 71
473 121
473 136
473 159
474 121
475 68
475 109
475 153
476 169
476 170
477 100
477 110
477 155
478 23
478 24
478 26
478 35
478 65
478 152
478 156
479 3
479 121
480 35
481 71
481 76
481 121
481 136
481 155
482 121
483 116
484 121
485 17
485 68
485 71
485 100
485 108
485 136
485 155
486 68
487 76
487 154
488 141
489 35
490 52
491 52
492 35
493 68
494 6
494 18
494 78
494 111
494 121
494 125
494 132
495 23
495 24
495 26
495 57
495 65
495 68
495 71
495 152
495 156
496 89
497 35
498 136
499 121
500 136
500 141
501 35
502 20
503 32
504 121
504 136
504 146
505 35
505 37
505 39
505 65
505 121
505 136
505 146
506 89
507 128
508 121
509 35
510 132
511 35
512 76
513 35
514 35
515 35
516 65
516 121
516 136
516 141
516 150
517 165
518 150
518 157
519 148
519 150
519 157
520 11
520 77
520 131
521 11
521 77
521 122
521 131
522 165
523 121
524 23
524 57
524 60
524 68
524 121
524 136
525 3
525 12
525 20
525 23
525 24
525 25
525 26
525 27
525 34
525 46
525 48
525 57
525 58
525 66
525 68
525 71
525 87
525 95
525 115
525 116
525 121
525 136
525 148
525 149
525 150
525 151
525 152
525 156
525 157
525 159
526 89
527 23
527 71
527 123
528 136
529 35
530 109
530 152
531 35
532 35
533 68
533 121
533 136
534 30
534 68
534 97
534 121
534 136
534 141
535 150
536 8
536 150
536 158
537 150
538 43
538 68
538 121
538 128
538 136
538 150
539 23
539 35
539 136
539 137
539 140
539 141
539 148
539 149
539 151
539 152
539 157
540 35
540 68
540 136
541 35
541 68
541 136
542 23
542 25
542 26
542 29
542 31
542 57
542 58
542 60
542 68
542 71
542 121
543 58
544 12
544 121
544 141
545 136
546 121
547 68
548 20
548 23
548 26
548 34
548 48
548 66
548 68
548 71
548 76
548 87
548 95
548 100
548 109
548 118
548 121
548 132
548 136
548 137
548 140
548 145
548 146
548 153
548 155
549 23
549 118
549 137
549 140
549 145
549 153
550 100
550 136
551 48
551 68
551 76
551 87
551 95
551 109
551 118
551 121
551 132
551 136
551 137
551 140
551 145
551 146
551 153
551 162
552 25
552 68
552 76
552 87
552 95
552 109
552 118
552 121
552 132
552 136
552 137
552 140
552 141
552 145
552 146
552 148
552 149
552 151
552 152
552 153
552 157
553 48
553 68
553 76
553 87
553 95
553 109
553 118
553 121
553 132
553 136
553 137
553 140
553 145
553 146
553 153
554 23
554 68
554 76
554 109
554 118
554 121
554 126
554 136
554 137
554 140
554 145
554 153
555 23
555 48
555 153
556 23
556 41
556 68
556 76
556 109
556 118
556 121
556 136
556 137
556 140
556 141
556 145
557 20
557 22
557 23
557 26
557 34
557 66
557 68
557 71
557 76
557 87
557 95
557 100
557 109
557 110
557 117
557 118
557 121
557 132
557 136
557 137
557 140
557 145
557 146
557 150
557 153
557 155
558 48
558 68
559 68
559 76
559 87
559 95
559 100
559 109
559 118
559 121
559 132
559 136
559 137
559 140
559 145
559 146
559 153
560 68
560 76
560 87
560 95
560 109
560 118
560 121
560 132
560 136
560 137
560 140
560 145
560 146
560 153
561 68
561 118
561 121
561 136
561 137
561 140
561 141
561 145
562 25
563 3
563 20
563 22
563 23
563 25
563 26
563 34
563 66
563 68
563 76
563 87
563 95
563 100
563 109
563 110
563 118
563 121
563 132
563 136
563 137
563 140
563 141
563 145
563 146
563 153
563 156
564 23
564 76
564 109
564 110
564 118
564 136
564 137
564 140
564 145
564 153
565 17
565 48
565 60
565 100
565 106
565 121
565 136
565 138
566 17
566 20
566 23
566 26
566 34
566 60
566 66
566 68
566 71
566 100
566 106
566 108
566 110
566 118
566 121
566 136
566 137
566 138
566 140
566 145
566 153
567 68
567 121
567 136
568 23
568 68
568 71
568 76
568 110
568 118
568 121
568 136
568 137
568 140
568 145
568 155
569 23
569 71
569 76
569 109
569 121
569 136
569 153
569 154
569 155
570 17
570 23
570 32
570 60
570 68
570 76
570 87
570 95
570 105
570 106
570 109
570 110
570 118
570 119
570 121
570 132
570 136
570 137
570 138
570 140
570 141
570 145
570 146
570 153
571 29
571 31
572 20
572 23
572 26
572 34
572 66
572 68
572 76
572 87
572 95
572 109
572 110
572 118
572 121
572 132
572 136
572 137
572 140
572 141
572 145
572 146
572 153
573 68
573 136
573 154
574 11
574 17
574 20
574 23
574 25
574 26
574 34
574 48
574 56
574 60
574 66
574 68
574 71
574 76
574 87
574 95
574 106
574 109
574 110
574 118
574 121
574 132
574 136
574 137
574 138
574 140
574 141
574 145
574 146
574 153
574 155
574 156
574 171
575 20
575 23
575 26
575 34
575 48
575 66
575 68
575 76
575 87
575 95
575 100
575 109
575 110
575 118
575 121
575 132
575 136
575 137
575 140
575 145
575 146
575 153
575 155
576 17
576 20
576 22
576 23
576 25
576 26
576 34
576 60
576 66
576 76
576 106
576 109
576 118
576 121
576 136
576 137
576 138
576 140
576 145
576 153
576 155
576 156
577 21
578 68
579 35
580 136
581 136
582 136
582 141
583 16
583 68
583 87
583 136
584 22
584 34
584 68
584 76
584 87
584 95
584 109
584 121
584 132
584 136
584 137
584 141
584 146
584 153
584 169
585 3
585 7
585 12
585 30
585 35
585 58
585 95
585 115
585 121
585 136
585 137
585 148
585 149
585 150
585 151
585 152
585 157
586 136
586 150
587 23
587 35
587 116
588 20
588 23
588 25
588 26
588 34
588 48
588 66
588 68
588 71
588 121
588 136
588 137
588 148
588 156
589 121
590 23
590 24
590 26
590 65
590 68
590 71
590 152
590 156
590 159
591 121
591 146
591 150
592 150
593 35
594 27
594 87
595 29
595 31
595 167
595 169
595 170
595 172
596 35
596 121
597 121
598 23
598 76
598 118
598 137
598 140
598 145
599 17
599 20
599 22
599 23
599 24
599 25
599 26
599 27
599 34
599 35
599 37
599 42
599 46
599 48
599 52
599 57
599 60
599 65
599 66
599 68
599 70
599 71
599 74
599 76
599 87
599 95
599 105
599 106
599 109
599 110
599 116
599 118
599 119
599 121
599 126
599 128
599 132
599 134
599 136
599 137
599 138
599 140
599 141
599 145
599 146
599 149
599 150
599 151
599 152
599 153
599 155
599 156
599 157
599 159
600 68
601 35
601 121
602 142
603 136
604 51
605 136
606 17
606 20
606 23
606 25
606 26
606 34
606 60
606 66
606 68
606 71
606 76
606 87
606 95
606 106
606 109
606 116
606 121
606 132
606 134
606 136
606 137
606 138
606 146
606 153
606 155
606 156
607 20
607 68
607 113
608 136
609 136
610 17
610 20
610 23
610 25
610 26
610 34
610 46
610 59
610 60
610 65
610 66
610 71
610 74
610 87
610 106
610 110
610 116
610 121
610 132
610 134
610 136
610 138
610 141
610 156
610 157
611 3
611 11
611 20
611 23
611 25
611 26
611 34
611 35
611 46
611 48
611 56
611 57
611 66
611 68
611 71
611 87
611 115
611 136
611 148
611 149
611 156
611 171
612 20
612 23
612 26
612 34
612 66
612 75
612 107
613 59
613 68
614 23
614 25
614 35
614 71
614 87
614 150
614 156
614 159
615 68
615 121
615 150
616 20
616 23
616 25
616 26
616 34
616 48
616 66
616 68
616 69
616 76
616 100
616 109
616 118
616 121
616 136
616 137
616 140
616 145
616 153
616 154
616 155
616 156
617 12
617 20
617 23
617 24
617 25
617 26
617 27
617 34
617 35
617 46
617 48
617 57
617 58
617 60
617 66
617 68
617 71
617 95
617 115
617 136
617 137
617 140
617 141
617 148
617 149
617 150
617 151
617 152
617 156
617 157
618 121
619 68
620 23
620 27
620 48
620 65
620 66
620 68
620 71
620 76
620 95
620 109
620 136
620 141
620 146
620 149
621 68
622 136
623 35
623 160
624 30
624 68
624 97
624 121
624 136
624 141
625 121
626 56
626 68
626 121
626 136
626 167
627 68
628 115
629 115
630 121
631 23
631 57
631 60
631 68
631 121
632 148
632 150
632 157
633 148
633 150
633 157
634 3
634 10
634 12
634 21
634 23
634 24
634 25
634 26
634 27
634 29
634 31
634 35
634 44
634 46
634 57
634 58
634 60
634 61
634 63
634 68
634 71
634 76
634 87
634 95
634 96
634 104
634 112
634 115
634 116
634 117
634 121
634 124
634 126
634 127
634 132
634 136
634 141
634 148
634 149
634 150
634 151
634 152
634 156
634 157
634 159
634 170
634 171
634 172
635 121
636 95
636 121
637 48
637 118
637 136
637 137
637 140
637 145
637 153
638 121
639 121
640 12
640 17
640 20
640 23
640 24
640 25
640 26
640 34
640 57
640 60
640 65
640 66
640 68
640 71
640 74
640 76
640 87
640 95
640 104
640 106
640 109
640 112
640 115
640 116
640 121
640 126
640 132
640 136
640 137
640 138
640 141
640 145
640 146
640 149
640 152
640 153
640 156
640 159
641 68
641 106
641 152
642 121
643 121
644 136
645 136
645 142
646 142
647 83
648 23
648 68
649 142
650 136
650 141
651 66
652 150
653 23
653 25
653 46
653 57
653 68
653 71
653 76
653 87
653 95
653 107
653 109
653 115
653 116
653 121
653 132
653 136
653 137
653 146
653 153
653 156
654 68
654 76
654 109
654 136
654 145
655 23
655 88
656 136
657 136
657 142
658 136
659 136
659 142
660 136
660 142
661 136
661 142
662 136
663 116
664 121
665 23
665 27
665 89
666 23
666 24
666 26
666 57
666 60
666 65
666 68
666 121
666 152
666 156
667 68
667 76
667 87
667 95
667 109
667 110
667 118
667 121
667 132
667 136
667 137
667 140
667 145
667 146
667 153
667 155
668 121
668 141
669 121
669 141
670 68
671 14
671 23
671 68
671 71
671 76
671 87
671 95
671 109
671 121
671 132
671 136
671 137
671 146
671 153
672 76
673 35
673 42
674 35
674 42
675 121
676 136
676 142
677 136
677 142
678 23
678 25
678 26
678 35
678 48
678 66
678 68
678 121
678 126
678 136
678 137
678 148
678 156
679 8
679 121
679 150
679 158
680 8
680 150
680 158
681 136
682 136
683 121
684 23
684 25
684 76
684 100
684 101
684 109
684 118
684 136
684 137
684 140
684 145
684 153
684 156
685 32
686 20
686 23
686 26
686 27
686 34
686 66
686 89
687 12
687 20
687 23
687 26
687 34
687 57
687 66
687 71
687 87
688 136
688 141
689 58
690 58
691 58
692 121
693 121
694 23
694 121
695 35
696 8
696 121
696 150
696 158
697 136
698 59
698 68
698 76
698 87
698 95
698 109
698 121
698 132
698 136
698 137
698 146
698 153
699 3
699 49
699 95
699 136
699 141
700 121
701 8
701 150
701 158
702 3
702 68
702 95
702 121
702 128
703 3
703 68
703 95
703 121
703 128
704 142
705 33
705 136
706 142
707 121
708 89
709 68
709 109
709 121
709 136
709 145
710 3
710 7
710 12
710 20
710 23
710 25
710 26
710 30
710 34
710 57
710 58
710 59
710 66
710 68
710 71
710 76
710 87
710 95
710 100
710 109
710 110
710 115
710 116
710 118
710 121
710 132
710 136
710 137
710 140
710 145
710 146
710 148
710 149
710 151
710 152
710 153
710 155
710 156
710 157
710 169
711 120
711 142
712 142
713 136
713 142
714 136
714 142
715 136
715 142
716 25
716 150
717 35
718 23
718 27
718 87
718 89
719 136
720 23
720 68
720 115
720 121
720 126
720 136
720 148
720 149
720 156
721 136
721 141
722 23
722 57
722 68
722 121
722 146
722 150
723 23
723 65
723 89
724 12
724 20
724 22
724 23
724 24
724 25
724 26
724 27
724 34
724 46
724 57
724 58
724 60
724 65
724 66
724 68
724 71
724 95
724 112
724 115
724 136
724 148
724 149
724 150
724 151
724 152
724 156
724 157
725 89
726 65
726 68
726 76
726 87
726 95
726 109
726 110
726 118
726 121
726 132
726 136
726 137
726 140
726 145
726 146
726 153
727 12
727 23
727 24
727 25
727 27
727 46
727 57
727 58
727 68
727 71
727 95
727 115
727 121
727 136
727 148
727 149
727 150
727 151
727 157
728 58
729 58
730 35
731 35
731 58
732 3
732 10
732 12
732 23
732 24
732 25
732 26
732 29
732 31
732 35
732 44
732 48
732 57
732 58
732 60
732 61
732 63
732 65
732 68
732 71
732 76
732 95
732 96
732 100
732 104
732 105
732 112
732 115
732 124
732 127
732 128
732 132
732 136
732 141
732 149
732 150
732 152
732 153
732 156
732 157
732 159
733 68
733 136
734 68
734 121
735 68
735 76
735 109
735 136
735 145
736 150
737 11
737 20
737 23
737 25
737 34
737 48
737 56
737 59
737 68
737 71
737 76
737 87
737 95
737 100
737 109
737 110
737 116
737 118
737 121
737 132
737 136
737 137
737 140
737 141
737 145
737 146
737 153
737 156
737 171
738 121
739 29
739 31
739 68
739 121
740 121
741 29
741 31
742 22
743 68
743 87
743 109
743 152
743 153
744 132
745 136
746 65
746 121
746 136
746 141
746 150
747 136
748 22
748 79
748 100
749 35
750 3
750 23
750 26
750 57
750 68
750 71
750 74
750 104
750 121
750 136
750 152
750 153
750 157
751 12
751 23
751 24
751 25
751 27
751 34
751 46
751 58
751 71
751 95
751 115
751 136
751 148
751 149
751 150
751 151
751 157
752 141
753 29
753 31
753 35
753 36
753 40
753 42
753 68
753 76
753 87
753 95
753 109
753 121
753 132
753 136
753 137
753 141
753 146
753 153
754 68
754 154
755 136
755 142
756 95
757 121
758 23
758 57
758 60
758 68
758 121
758 136
759 35
760 68
761 170
762 170
763 76
764 48
765 48
766 23
766 25
766 26
766 35
766 52
766 68
766 136
766 137
766 140
766 141
766 148
766 149
766 151
766 152
766 157
767 35
768 35
769 23
769 89
770 35
771 20
771 23
771 26
771 27
771 34
771 48
771 65
771 66
771 68
771 71
771 76
771 95
771 109
771 118
771 136
771 137
771 140
771 141
771 145
771 146
771 149
772 59
772 68
773 121
773 146
774 136
775 121
776 121
776 128
776 141
777 121
777 150
778 68
779 128
780 128
781 128
782 128
783 128
784 121
785 23
785 24
785 25
785 26
785 27
785 35
785 37
785 42
785 46
785 48
785 52
785 57
785 65
785 66
785 68
785 70
785 71
785 74
785 76
785 87
785 95
785 100
785 105
785 109
785 110
785 116
785 118
785 121
785 128
785 129
785 132
785 134
785 136
785 137
785 140
785 145
785 146
785 149
785 150
785 151
785 153
785 155
785 156
785 157
785 162
785 163
785 169
786 68
786 121
787 148
787 149
787 150
787 156
787 157
787 159
788 121
789 148
789 150
789 157
790 23
790 25
790 27
790 46
790 58
790 68
790 115
790 121
790 136
790 148
790 149
790 150
790 156
791 121
792 68
793 58
794 58
795 23
795 27
795 65
795 84
795 87
796 121
797 23
797 25
797 68
797 76
797 87
797 109
797 110
797 118
797 121
797 136
797 137
797 140
797 145
797 153
797 154
797 155
797 156
798 23
798 76
798 118
798 137
798 140
798 145
799 23
799 26
799 57
799 70
799 71
799 74
799 159
800 22
800 59
800 68
800 76
800 136
801 136
802 121
802 148
803 22
803 23
803 57
803 60
803 68
804 34
805 8
805 150
805 158
806 121
806 169
807 121
807 169
808 170
809 146
810 68
811 35
812 35
813 35
814 29
814 121
814 136
814 137
814 138
814 139
814 140
814 141
815 136
816 136
817 136
818 141
819 121
820 68
820 170
821 136
822 68
822 136
822 170
822 173
823 153
824 20
824 23
824 26
824 34
824 35
824 66
825 68
826 65
826 121
826 136
826 141
826 150
827 35
827 37
827 38
827 40
827 42
828 35
828 37
829 35
830 121
830 136
830 141
831 121
831 136
831 141
832 150
833 35
833 136
833 141
834 136
835 121
836 150
837 121
838 3
838 12
838 23
838 24
838 25
838 26
838 27
838 48
838 57
838 65
838 66
838 68
838 71
838 74
838 76
838 87
838 95
838 100
838 104
838 105
838 109
838 112
838 115
838 128
838 132
838 135
838 136
838 137
838 140
838 141
838 146
838 148
838 149
838 151
838 152
838 156
838 157
839 84
840 3
840 29
840 68
840 95
840 121
840 128
840 136
841 32
842 32
843 32
844 35
845 150
846 20
846 22
846 23
846 26
846 34
846 66
846 68
846 76
846 110
846 118
846 136
846 137
846 140
846 145
846 153
847 68
848 27
848 88
848 89
849 121
850 121
851 5
851 29
851 31
851 68
851 112
851 121
851 167
851 168
852 121
853 121
853 168
854 168
855 121
855 169
856 121
857 121
857 136
858 136
859 3
859 12
859 20
859 23
859 24
859 25
859 26
859 34
859 46
859 48
859 57
859 65
859 66
859 68
859 71
859 76
859 87
859 95
859 100
859 104
859 105
859 112
859 115
859 128
859 132
859 136
859 141
859 149
859 152
859 156
859 157
860 121
861 35
862 35
863 68
864 136
865 23
865 46
865 57
865 71
865 76
865 87
866 109
867 35
868 35
869 136
870 170
871 121
872 17
872 20
872 23
872 25
872 26
872 34
872 35
872 52
872 60
872 66
872 71
872 76
872 106
872 109
872 121
872 136
872 138
872 156
873 35
874 76
875 150
876 42
877 68
877 136
877 170
878 59
878 68
878 118
878 136
878 137
878 140
878 141
878 145
878 152
879 68
880 150
881 32
882 23
882 25
882 35
882 52
882 76
882 109
882 110
882 116
882 136
882 156
883 121
883 136
883 170
884 121
885 150
886 35
887 68
888 121
889 142
890 136
890 142
891 35
892 16
892 35
892 73
893 20
893 23
893 24
893 26
893 27
893 34
893 65
893 66
893 82
893 87
893 89
893 152
893 156
894 123
895 136
895 139
895 143
895 144
895 145
896 22
896 68
897 29
897 31
898 150
898 158
899 8
899 150
899 158
900 20
900 68
900 113
901 136
902 23
902 68
902 76
902 109
902 118
902 136
902 137
902 140
902 145
902 146
902 153
902 155
903 121
904 121
905 121
906 121
907 121
908 121
909 121
910 20
910 35
910 68
910 113
910 149
910 150
910 155
911 3
911 20
911 35
911 68
911 113
912 20
912 23
912 24
912 25
912 26
912 27
912 34
912 35
912 37
912 42
912 46
912 48
912 52
912 57
912 59
912 65
912 66
912 68
912 70
912 71
912 74
912 76
912 87
912 95
912 105
912 109
912 116
912 118
912 121
912 128
912 132
912 134
912 136
912 137
912 140
912 141
912 144
912 145
912 146
912 149
912 150
912 151
912 153
912 156
912 157
913 121
913 141
914 121
914 141
915 121
916 150
917 150
918 32
919 121
920 32
921 32
922 32
923 3
923 12
923 32
923 33
923 35
923 72
923 121
923 136
923 141
924 121
925 23
925 76
925 118
925 137
925 140
925 145
925 153
926 23
926 27
926 88
926 89
927 20
927 23
927 25
927 26
927 34
927 35
927 36
927 48
927 66
927 95
927 148
927 156
928 142
929 22
930 120
931 136
932 136
933 136
933 142
934 22
934 121
934 128
934 136
934 172
935 136
935 142
936 23
936 24
936 26
936 65
936 68
936 71
936 152
936 156
937 68
937 110
938 150
938 151
938 152
938 156
938 157
938 159
939 121
939 136
940 150
940 157
941 150
941 157
942 169
943 52
943 65
943 99
943 136
944 121
944 150
945 121
946 20
946 23
946 25
946 26
946 34
946 66
946 71
946 87
946 114
946 115
946 116
946 136
946 156
947 121
948 150
949 10
949 23
949 24
949 26
949 65
949 116
949 121
949 152
949 156
950 155
951 20
951 23
951 26
951 34
951 41
951 66
951 68
951 76
951 87
951 95
951 109
951 118
951 121
951 132
951 136
951 137
951 140
951 145
951 146
951 153
952 121
953 121
954 59
955 121
956 136
957 35
958 68
959 65
959 121
959 136
959 141
959 150
960 121
961 32
962 76
962 109
962 121
962 136
962 153
962 155
963 3
963 7
963 12
963 17
963 20
963 21
963 23
963 24
963 25
963 26
963 27
963 30
963 34
963 35
963 36
963 37
963 42
963 46
963 47
963 48
963 52
963 57
963 58
963 60
963 65
963 66
963 68
963 70
963 71
963 74
963 76
963 80
963 87
963 95
963 105
963 106
963 109
963 110
963 115
963 116
963 118
963 121
963 128
963 132
963 134
963 136
963 137
963 138
963 140
963 141
963 145
963 148
963 149
963 150
963 151
963 152
963 153
963 156
963 157
964 23
964 25
964 48
964 68
964 76
964 87
964 95
964 109
964 110
964 118
964 121
964 132
964 136
964 137
964 140
964 141
964 145
964 146
964 153
964 156
965 23
965 25
965 68
965 76
965 87
965 95
965 109
965 121
965 132
965 136
965 137
965 146
965 153
965 156
966 35
967 3
967 23
967 25
967 35
967 71
968 3
968 7
968 12
968 20
968 23
968 25
968 26
968 27
968 30
968 34
968 46
968 48
968 57
968 58
968 59
968 60
968 66
968 68
968 71
968 76
968 87
968 95
968 100
968 109
968 110
968 115
968 116
968 118
968 121
968 132
968 136
968 137
968 140
968 145
968 146
968 148
968 149
968 151
968 152
968 153
968 155
968 156
968 157
968 169
969 3
970 35
971 20
971 23
971 26
971 34
971 35
971 66
971 68
971 76
971 87
971 95
971 106
971 109
971 110
971 118
971 121
971 132
971 136
971 137
971 140
971 145
971 146
971 153
971 155
972 150
973 150
974 150
975 150
976 22
977 22
978 136
979 136
980 23
980 57
980 60
980 68
980 136
981 68
981 95
981 117
981 118
981 121
981 132
981 169
982 121
983 136
984 100
984 121
984 136
985 100
985 121
985 136
986 100
986 121
986 136
987 100
987 121
987 136
988 65
988 121
988 136
988 141
988 150
989 65
989 121
989 136
989 141
989 150
990 65
990 121
990 136
990 141
990 150
991 65
991 121
991 136
991 141
991 150
992 150
993 29
993 31
994 3
994 121
995 121
996 121
997 121
998 121
999 121
1000 121
1001 121
1002 121
1003 121
1004 121
1005 65
1005 121
1005 136
1005 141
1005 150
1006 115
1007 121
1008 121
1009 121
1010 121
1011 29
1011 31
1012 115
1013 65
1013 121
1013 136
1013 141
1014 167
1014 168
1014 172
1015 121
1015 132
1016 132
1017 121
1017 132
1018 121
1018 132
1019 132
1020 132
1021 35
1022 35
1023 35
1024 35
1025 136
1026 33
1026 136
1027 136
1028 49
1028 50
1028 108
1028 116
1028 136
1028 155
1029 34
1030 76
1030 109
1030 118
1030 136
1030 137
1030 140
1030 141
1030 145
1030 148
1030 149
1030 151
1030 152
1030 153
1030 157
1031 136
1032 68
1032 150
1033 12
1033 23
1033 24
1033 25
1033 27
1033 46
1033 57
1033 58
1033 60
1033 68
1033 71
1033 95
1033 115
1033 121
1033 136
1033 148
1033 149
1033 150
1033 151
1033 156
1033 157
1033 170
1034 23
1034 68
1034 71
1034 74
1034 76
1034 87
1034 95
1034 104
1034 109
1034 121
1034 132
1034 136
1034 137
1034 146
1034 153
1034 170
1034 173
1035 121
1036 121
1037 20
1037 23
1037 25
1037 26
1037 27
1037 34
1037 57
1037 66
1037 71
1037 88
1037 156
1038 68
1038 170
1039 68
1039 170
1039 173
1040 23
1040 25
1040 59
1040 68
1040 76
1040 109
1040 118
1040 136
1040 137
1040 140
1040 145
1041 35
1042 121
1043 17
1043 59
1043 60
1043 68
1043 106
1043 110
1043 118
1043 121
1043 136
1043 137
1043 138
1043 140
1043 141
1043 145
1044 20
1044 23
1044 25
1044 26
1044 27
1044 34
1044 66
1044 87
1044 89
1044 156
1045 136
1046 12
1046 71
1046 112
1046 115
1046 116
1046 121
1046 132
1046 148
1046 149
1046 156
1047 57
1047 71
1047 121
1048 3
1048 12
1048 20
1048 23
1048 24
1048 25
1048 26
1048 34
1048 46
1048 48
1048 52
1048 57
1048 65
1048 66
1048 71
1048 76
1048 87
1048 95
1048 100
1048 104
1048 105
1048 112
1048 115
1048 121
1048 126
1048 128
1048 132
1048 149
1048 150
1048 156
1048 157
1048 164
1049 100
1049 121
1049 136
1049 141
1050 54
1051 46
1052 68
1053 23
1053 68
1053 109
1053 118
1053 121
1053 126
1053 136
1053 137
1053 140
1053 145
1054 136
1054 142
1055 132
1056 68
1056 170
1057 121
1057 146
1058 121
1059 23
1059 25
1059 68
1059 76
1059 87
1059 95
1059 109
1059 110
1059 118
1059 121
1059 132
1059 136
1059 137
1059 140
1059 145
1059 146
1059 153
1059 156
1060 136
1060 141
1061 121
1062 3
1062 22
1062 68
1062 95
1062 121
1062 136
1062 150
1063 136
1064 121
1065 35
1066 136
1066 142
1067 65
1067 121
1067 136
1067 141
1067 150
1068 68
1069 132
1070 65
1070 121
1070 136
1070 141
1070 150
1071 20
1071 23
1071 25
1071 26
1071 27
1071 34
1071 48
1071 65
1071 66
1071 68
1071 71
1071 76
1071 87
1071 95
1071 109
1071 110
1071 115
1071 118
1071 121
1071 132
1071 136
1071 137
1071 140
1071 141
1071 145
1071 146
1071 148
1071 149
1071 152
1071 153
1071 155
1071 156
1072 32
1073 32
1074 12
1074 23
1074 24
1074 25
1074 26
1074 27
1074 46
1074 58
1074 65
1074 71
1074 95
1074 108
1074 115
1074 136
1074 148
1074 149
1074 150
1074 151
1074 152
1074 156
1074 157
1075 23
1075 25
1075 57
1075 71
1075 95
1075 116
1075 121
1076 121
1077 121
1078 136
1079 22
1080 136
1080 142
1081 173
1082 136
1083 23
1083 92
1084 35
1084 36
1084 37
1084 39
1085 23
1085 25
1085 48
1085 76
1085 109
1085 118
1085 121
1085 136
1085 137
1085 140
1085 145
1085 153
1085 155
1085 156
1086 115
1087 35
1088 121
1088 136
1089 20
1089 23
1089 26
1089 34
1089 59
1089 66
1089 68
1089 76
1089 87
1089 95
1089 109
1089 110
1089 116
1089 118
1089 121
1089 132
1089 136
1089 137
1089 140
1089 145
1089 146
1089 153
1089 155
1090 136
1091 150
1092 136
1093 91
1094 68
1094 121
1095 68
1095 121
1096 68
1096 95
1097 22
1098 121
1099 29
1099 31
1100 121
1101 121
1102 121
1103 163
1104 2
1104 79
1104 103
1105 68
1105 121
1106 65
1106 76
1106 109
1106 110
1106 118
1106 136
1106 137
1106 140
1106 145
1107 121
1108 23
1108 65
1108 84
1109 35
1109 121
1109 136
1110 35
1110 121
1110 136
1111 35
1111 121
1111 136
1112 35
1112 121
1112 136
1113 35
1113 121
1113 136
1114 35
1114 121
1114 136
1115 1
1115 2
1115 20
1115 22
1115 121
1116 17
1116 60
1116 68
1116 76
1116 87
1116 95
1116 100
1116 106
1116 109
1116 110
1116 121
1116 132
1116 136
1116 137
1116 138
1116 140
1116 141
1116 146
1116 148
1116 149
1116 151
1116 152
1116 153
1116 155
1116 157
1117 121
1117 136
1118 170
1119 35
1120 10
1120 121
1120 136
1121 35
1122 29
1122 100
1122 121
1123 52
1124 68
1124 95
1124 117
1124 118
1124 132
1125 35
1126 132
1127 48
1127 68
1127 102
1127 136
1127 155
1128 68
1128 121
1128 136
1129 23
1129 25
1129 26
1129 35
1129 57
1129 60
1129 68
1129 71
1129 87
1129 115
1129 116
1129 148
1129 149
1129 150
1129 151
1129 153
1129 156
1130 68
1130 136
1131 136
1132 68
1133 136
1133 142
1134 136
1135 115
1136 115
1136 121
1136 148
1136 149
1136 156
1137 136
1138 121
1139 23
1139 25
1139 27
1139 48
1139 65
1139 66
1139 68
1139 71
1139 76
1139 87
1139 95
1139 100
1139 109
1139 110
1139 118
1139 121
1139 132
1139 136
1139 137
1139 140
1139 141
1139 145
1139 146
1139 149
1139 153
1139 156
1140 41
1140 121
1141 48
1142 48
1143 121
1144 66
1144 68
1144 116
1144 121
1144 136
1144 150
1145 35
1146 117
1147 3
1147 35
1147 136
1147 142
1148 146
1149 146
1150 35
1151 136
1152 20
1152 23
1152 24
1152 26
1152 34
1152 65
1152 66
1152 130
1152 143
1152 152
1152 156
1153 121
1154 136
1154 141
1155 150
1156 35
1157 23
1157 25
1157 26
1157 65
1157 68
1157 121
1157 136
1157 141
1157 150
1158 136
1159 121
1160 150
1161 121
1162 136
1163 87
1163 109
1163 152
1164 23
1164 114
1165 136
1165 141
1165 153
1166 167
1166 168
1166 169
1166 172
1167 35
1168 3
1168 12
1168 20
1168 23
1168 24
1168 25
1168 26
1168 27
1168 34
1168 35
1168 46
1168 48
1168 57
1168 58
1168 60
1168 65
1168 66
1168 68
1168 71
1168 76
1168 95
1168 100
1168 104
1168 105
1168 112
1168 115
1168 116
1168 121
1168 126
1168 128
1168 132
1168 136
1168 148
1168 149
1168 150
1168 151
1168 152
1168 156
1168 157
1168 159
1168 170
1169 136
1170 136
1171 23
1171 57
1171 71
1171 87
1171 114
1172 150
1173 132
1174 59
1174 68
1174 134
1175 136
1176 89
1177 18
1177 78
1177 111
1177 121
1177 125
1178 3
1178 23
1178 25
1178 48
1178 57
1178 66
1178 71
1178 148
1178 150
1178 156
1179 136
1180 3
1180 12
1180 23
1180 24
1180 25
1180 26
1180 27
1180 29
1180 31
1180 46
1180 48
1180 57
1180 58
1180 60
1180 65
1180 68
1180 71
1180 74
1180 76
1180 87
1180 95
1180 100
1180 104
1180 105
1180 112
1180 115
1180 116
1180 121
1180 128
1180 132
1180 136
1180 141
1180 148
1180 149
1180 150
1180 151
1180 152
1180 153
1180 156
1180 157
1180 159
1181 68
1181 121
1182 121
1182 146
1182 150
1183 116
1184 32
1185 23
1185 24
1185 25
1185 26
1185 27
1185 46
1185 53
1185 62
1185 65
1185 68
1185 90
1185 92
1185 116
1185 121
1185 132
1185 152
1185 156
1186 27
1186 68
1187 68
1188 68
1188 136
1188 141
1189 109
1190 89
1191 92
1192 12
1192 23
1192 24
1192 25
1192 26
1192 27
1192 65
1192 71
1192 87
1192 88
1192 89
1192 115
1192 148
1192 149
1192 152
1192 156
1193 32
1194 32
1195 32
1196 136
1196 141
1197 10
1197 121
1198 68
1199 68
1200 32
1201 141
1202 146
1203 34
1204 21
1204 23
1204 25
1204 27
1204 35
1204 46
1204 68
1204 71
1204 87
1204 121
1204 170
1205 150
1205 158
1206 150
1207 8
1207 150
1208 8
1208 150
1208 158
1209 150
1209 157
1210 136
1211 23
1211 25
1211 35
1211 48
1211 57
1211 60
1211 65
1211 68
1211 71
1211 74
1211 95
1211 115
1211 116
1211 121
1211 136
1212 136
1212 141
1213 27
1213 88
1213 89
1214 8
1214 150
1215 68
1216 12
1217 121
1218 121
1219 150
1220 35
1221 150
1221 158
1222 121
1222 146
1223 65
1224 136
1225 121
1226 35
1226 68
1226 121
1226 136
1226 141
1227 121
1228 30
1228 68
1228 97
1228 121
1228 136
1228 141
1229 17
1229 60
1229 106
1229 121
1229 136
1229 138
1230 136
1231 23
1231 71
1231 115
1231 136
1231 148
1231 149
1231 156
1231 159
1232 83
1233 68
1234 153
1235 68
1235 170
1236 150
1237 150
1238 150
1239 33
1239 121
1239 136
1239 146
1240 150
1240 158
1241 121
1242 34
1242 123
1243 123
1244 9
1244 15
1244 68
1244 161
1245 23
1245 24
1245 27
1246 35
1247 121
1247 136
1248 169
1249 8
1249 150
1249 158
1250 121
1251 150
1252 109
1253 150
1254 20
1254 23
1254 26
1254 27
1254 34
1254 66
1254 87
1254 89
1255 169
1256 68
1257 68
1257 76
1257 87
1257 95
1257 109
1257 118
1257 121
1257 132
1257 136
1257 137
1257 140
1257 145
1257 146
1257 152
1257 153
1258 136
1259 68
1259 74
1259 100
1260 12
1260 23
1260 24
1260 25
1260 27
1260 34
1260 46
1260 58
1260 71
1260 95
1260 115
1260 116
1260 136
1260 148
1260 149
1260 150
1260 151
1260 157
1261 110
1261 136
1261 137
1261 140
1261 141
1261 148
1261 149
1261 151
1261 152
1261 157
1262 35
1263 23
1263 28
1263 55
1263 68
1263 76
1263 116
1264 68
1264 118
1264 137
1264 140
1264 145
1265 23
1265 25
1265 26
1265 46
1265 57
1265 65
1265 68
1265 71
1265 74
1265 76
1265 109
1265 114
1265 118
1265 121
1265 136
1265 137
1265 140
1265 145
1265 149
1265 150
1265 152
1265 153
1265 155
1266 114
1267 114
1268 68
1269 23
1269 68
1269 71
1270 68
1270 118
1270 137
1270 140
1270 145
1271 23
1271 25
1271 68
1271 71
1271 76
1271 118
1271 121
1271 136
1271 137
1271 140
1271 145
1271 155
1271 156
1272 114
1273 68
1274 68
1275 114
1276 68
1276 71
1276 76
1276 118
1276 121
1276 136
1276 137
1276 140
1276 145
1276 155
1277 68
1278 121
1279 57
1279 71
1279 170
1280 136
1281 68
1281 117
1281 121
1282 8
1282 68
1282 76
1282 87
1282 95
1282 109
1282 115
1282 121
1282 132
1282 136
1282 137
1282 146
1282 148
1282 149
1282 150
1282 153
1282 156
1282 158
1283 68
1283 110
1283 118
1283 129
1283 136
1283 137
1283 140
1283 145
1284 136
1285 136
1286 83
1287 35
1288 59
1288 76
1288 109
1288 121
1288 136
1288 153
1288 155
1289 121
1290 23
1290 65
1290 89
1291 35
1292 20
1292 68
1292 113
1292 126
1293 35
1294 121
1295 121
1295 136
1296 121
1297 3
1297 7
1297 12
1297 20
1297 23
1297 25
1297 26
1297 30
1297 34
1297 57
1297 58
1297 59
1297 60
1297 66
1297 68
1297 71
1297 76
1297 87
1297 95
1297 109
1297 110
1297 115
1297 116
1297 118
1297 121
1297 132
1297 136
1297 137
1297 140
1297 141
1297 145
1297 146
1297 148
1297 149
1297 151
1297 152
1297 153
1297 155
1297 156
1297 157
1298 68
1299 121
1300 35
1300 150
1301 35
1302 68
1303 35
1304 68
1304 150
1305 17
1305 108
1305 110
1305 118
1305 136
1305 137
1305 140
1305 145
1306 23
1306 59
1306 68
1306 136
1307 136
1308 20
1308 23
1308 25
1308 26
1308 34
1308 57
1308 64
1308 66
1308 68
1308 71
1309 35
1310 88
1310 89
1311 68
1312 35
1313 35
1314 17
1314 23
1314 25
1314 27
1314 29
1314 31
1314 48
1314 59
1314 60
1314 65
1314 66
1314 68
1314 71
1314 76
1314 87
1314 95
1314 106
1314 109
1314 116
1314 118
1314 121
1314 132
1314 136
1314 137
1314 138
1314 140
1314 141
1314 145
1314 146
1314 149
1314 153
1315 121
1316 35
1317 23
1317 25
1317 26
1317 35
1317 36
1317 37
1317 39
1317 57
1317 68
1317 71
1317 95
1317 116
1317 121
1317 136
1317 141
1318 35
1319 169
1319 170
1320 169
1320 170
1321 136
1322 136
1323 121
1324 19
1324 68
1324 80
1324 109
1324 136
1324 150
1325 65
1325 136
1326 65
1326 136
1327 146
1328 170
1329 65
1329 136
1330 65
1330 136
1331 65
1331 136
1332 65
1332 136
1333 76
1333 109
1333 110
1333 118
1333 121
1333 136
1333 137
1333 140
1333 145
1333 153
1333 155
1334 35
1334 37
1334 150
1335 35
1336 35
1337 121
1338 68
1339 68
1339 95
1339 117
1339 118
1339 132
1340 121
1341 23
1341 68
1341 84
1341 121
1341 126
1342 23
1342 24
1342 26
1342 65
1342 68
1342 115
1342 121
1342 136
1342 148
1342 149
1342 152
1342 156
1342 170
1343 35
1344 13
1344 17
1344 20
1344 23
1344 26
1344 34
1344 41
1344 60
1344 65
1344 66
1344 68
1344 71
1344 76
1344 87
1344 95
1344 100
1344 106
1344 109
1344 118
1344 121
1344 132
1344 136
1344 137
1344 138
1344 139
1344 140
1344 141
1344 145
1344 146
1344 148
1344 149
1344 151
1344 152
1344 153
1344 157
1345 68
1346 10
1346 23
1346 25
1346 26
1346 68
1347 121
1348 12
1348 23
1348 24
1348 25
1348 26
1348 27
1348 46
1348 57
1348 65
1348 68
1348 71
1348 109
1348 121
1348 152
1348 156
1349 84
1349 85
1349 86
1350 109
1350 152
1351 66
1352 4
1353 68
1354 3
1354 23
1354 25
1354 68
1354 71
1355 121
1356 23
1356 35
1356 68
1356 76
1356 87
1356 95
1356 109
1356 121
1356 132
1356 136
1356 137
1356 146
1356 153
1357 65
1358 65
1359 35
1360 136
1361 35
1362 35
1363 20
1363 23
1363 26
1363 27
1363 34
1363 66
1363 89
1364 23
1364 92
1364 93
1365 121
1366 3
1366 20
1366 23
1366 24
1366 25
1366 26
1366 27
1366 34
1366 48
1366 57
1366 60
1366 65
1366 66
1366 68
1366 71
1366 76
1366 87
1366 89
1366 95
1366 100
1366 104
1366 105
1366 128
1366 132
1366 152
1366 156
1366 157
1366 159
1367 3
1367 20
1367 23
1367 25
1367 26
1367 27
1367 34
1367 46
1367 57
1367 60
1367 66
1367 68
1367 71
1367 76
1367 87
1367 95
1367 109
1367 115
1367 121
1367 132
1367 136
1367 137
1367 146
1367 148
1367 149
1367 153
1367 156
1367 159
1368 121
1369 121
1370 68
1370 110
1370 121
1370 136
1371 30
1371 68
1371 97
1371 115
1371 121
1371 136
1371 141
1371 148
1371 149
1371 156
1372 121
1373 25
1373 35
1373 48
1373 66
1373 148
1373 156
