0.000000000000000000e+00
7.500000000000000000e-01
7.500000000000000000e-01
7.517241379310344307e-01
7.534482758620689724e-01
7.534482758620689724e-01
7.534482758620689724e-01
7.534482758620689724e-01
7.551724137931034031e-01
7.551724137931034031e-01
7.551724137931034031e-01
7.551724137931034031e-01
7.551724137931034031e-01
7.551724137931034031e-01
7.551724137931034031e-01
7.551724137931034031e-01
7.551724137931034031e-01
7.551724137931034031e-01
7.551724137931034031e-01
7.551724137931034031e-01
7.551724137931034031e-01
7.551724137931034031e-01
7.551724137931034031e-01
7.551724137931034031e-01
7.551724137931034031e-01
7.551724137931034031e-01
7.551724137931034031e-01
7.551724137931034031e-01
7.551724137931034031e-01
7.551724137931034031e-01
7.551724137931034031e-01
7.551724137931034031e-01
7.551724137931034031e-01
7.551724137931034031e-01
7.551724137931034031e-01
7.551724137931034031e-01
7.551724137931034031e-01
7.551724137931034031e-01
7.551724137931034031e-01
7.551724137931034031e-01
7.551724137931034031e-01
7.551724137931034031e-01
7.551724137931034031e-01
7.551724137931034031e-01
7.551724137931034031e-01
7.551724137931034031e-01
7.551724137931034031e-01
7.568965517241379448e-01
7.568965517241379448e-01
7.568965517241379448e-01
7.568965517241379448e-01
7.568965517241379448e-01
7.568965517241379448e-01
7.568965517241379448e-01
7.568965517241379448e-01
7.568965517241379448e-01
7.568965517241379448e-01
7.568965517241379448e-01
7.568965517241379448e-01
7.568965517241379448e-01
7.568965517241379448e-01
7.568965517241379448e-01
7.568965517241379448e-01
7.568965517241379448e-01
7.568965517241379448e-01
7.568965517241379448e-01
7.568965517241379448e-01
7.568965517241379448e-01
7.568965517241379448e-01
7.568965517241379448e-01
7.568965517241379448e-01
7.568965517241379448e-01
7.568965517241379448e-01
7.568965517241379448e-01
7.568965517241379448e-01
7.568965517241379448e-01
7.568965517241379448e-01
7.568965517241379448e-01
7.568965517241379448e-01
7.568965517241379448e-01
7.568965517241379448e-01
7.568965517241379448e-01
7.568965517241379448e-01
7.568965517241379448e-01
7.568965517241379448e-01
7.568965517241379448e-01
7.568965517241379448e-01
7.568965517241379448e-01
7.568965517241379448e-01
7.568965517241379448e-01
7.568965517241379448e-01
7.568965517241379448e-01
7.568965517241379448e-01
7.568965517241379448e-01
7.568965517241379448e-01
7.568965517241379448e-01
7.568965517241379448e-01
7.568965517241379448e-01
7.568965517241379448e-01
7.568965517241379448e-01
7.568965517241379448e-01
7.568965517241379448e-01
7.568965517241379448e-01
7.568965517241379448e-01
7.568965517241379448e-01
7.568965517241379448e-01
7.586206896551723755e-01
7.586206896551723755e-01
7.603448275862069172e-01
7.603448275862069172e-01
7.603448275862069172e-01
7.603448275862069172e-01
7.603448275862069172e-01
7.603448275862069172e-01
7.603448275862069172e-01
7.603448275862069172e-01
7.603448275862069172e-01
7.603448275862069172e-01
7.603448275862069172e-01
7.603448275862069172e-01
7.603448275862069172e-01
7.603448275862069172e-01
7.603448275862069172e-01
7.603448275862069172e-01
7.603448275862069172e-01
7.603448275862069172e-01
7.603448275862069172e-01
7.603448275862069172e-01
7.603448275862069172e-01
7.603448275862069172e-01
7.603448275862069172e-01
7.603448275862069172e-01
7.603448275862069172e-01
7.603448275862069172e-01
7.603448275862069172e-01
7.603448275862069172e-01
7.603448275862069172e-01
7.603448275862069172e-01
7.603448275862069172e-01
7.620689655172413479e-01
7.620689655172413479e-01
7.620689655172413479e-01
7.620689655172413479e-01
7.620689655172413479e-01
7.620689655172413479e-01
7.620689655172413479e-01
7.620689655172413479e-01
7.620689655172413479e-01
7.637931034482758896e-01
7.655172413793103203e-01
7.655172413793103203e-01
7.655172413793103203e-01
7.672413793103448620e-01
7.672413793103448620e-01
7.672413793103448620e-01
7.672413793103448620e-01
7.672413793103448620e-01
7.689655172413792927e-01
7.689655172413792927e-01
7.689655172413792927e-01
7.689655172413792927e-01
7.689655172413792927e-01
7.689655172413792927e-01
7.689655172413792927e-01
7.689655172413792927e-01
7.689655172413792927e-01
7.689655172413792927e-01
7.689655172413792927e-01
7.689655172413792927e-01
7.689655172413792927e-01
7.689655172413792927e-01
7.689655172413792927e-01
7.689655172413792927e-01
7.689655172413792927e-01
7.689655172413792927e-01
7.689655172413792927e-01
7.689655172413792927e-01
7.689655172413792927e-01
7.689655172413792927e-01
7.689655172413792927e-01
7.689655172413792927e-01
7.689655172413792927e-01
7.706896551724138344e-01
7.706896551724138344e-01
7.706896551724138344e-01
7.706896551724138344e-01
7.706896551724138344e-01
7.706896551724138344e-01
7.706896551724138344e-01
7.706896551724138344e-01
7.706896551724138344e-01
7.706896551724138344e-01
7.706896551724138344e-01
7.706896551724138344e-01
7.706896551724138344e-01
7.706896551724138344e-01
7.706896551724138344e-01
7.706896551724138344e-01
7.706896551724138344e-01
7.706896551724138344e-01
7.706896551724138344e-01
7.706896551724138344e-01
7.706896551724138344e-01
7.706896551724138344e-01
7.706896551724138344e-01
7.706896551724138344e-01
7.706896551724138344e-01
7.706896551724138344e-01
7.706896551724138344e-01
7.706896551724138344e-01
7.706896551724138344e-01
7.706896551724138344e-01
7.706896551724138344e-01
7.706896551724138344e-01
7.706896551724138344e-01
7.706896551724138344e-01
7.706896551724138344e-01
7.706896551724138344e-01
7.706896551724138344e-01
7.706896551724138344e-01
7.706896551724138344e-01
7.706896551724138344e-01
7.706896551724138344e-01
7.706896551724138344e-01
7.706896551724138344e-01
7.706896551724138344e-01
7.706896551724138344e-01
7.706896551724138344e-01
7.706896551724138344e-01
7.706896551724138344e-01
7.706896551724138344e-01
7.706896551724138344e-01
7.706896551724138344e-01
7.706896551724138344e-01
7.706896551724138344e-01
7.706896551724138344e-01
7.706896551724138344e-01
7.706896551724138344e-01
7.706896551724138344e-01
7.706896551724138344e-01
7.706896551724138344e-01
7.706896551724138344e-01
7.706896551724138344e-01
7.706896551724138344e-01
7.706896551724138344e-01
7.706896551724138344e-01
7.706896551724138344e-01
7.706896551724138344e-01
7.706896551724138344e-01
7.706896551724138344e-01
7.706896551724138344e-01
7.706896551724138344e-01
7.706896551724138344e-01
7.706896551724138344e-01
7.706896551724138344e-01
7.706896551724138344e-01
7.706896551724138344e-01
7.706896551724138344e-01
7.706896551724138344e-01
7.724137931034482651e-01
7.724137931034482651e-01
7.724137931034482651e-01
7.724137931034482651e-01
7.724137931034482651e-01
7.724137931034482651e-01
7.724137931034482651e-01
7.724137931034482651e-01
7.724137931034482651e-01
7.724137931034482651e-01
7.724137931034482651e-01
7.724137931034482651e-01
7.724137931034482651e-01
7.724137931034482651e-01
7.724137931034482651e-01
7.724137931034482651e-01
7.724137931034482651e-01
7.724137931034482651e-01
7.724137931034482651e-01
7.724137931034482651e-01
7.724137931034482651e-01
7.724137931034482651e-01
7.724137931034482651e-01
7.724137931034482651e-01
7.724137931034482651e-01
7.724137931034482651e-01
7.724137931034482651e-01
7.724137931034482651e-01
7.724137931034482651e-01
7.724137931034482651e-01
7.724137931034482651e-01
7.724137931034482651e-01
7.724137931034482651e-01
7.724137931034482651e-01
7.741379310344828069e-01
7.741379310344828069e-01
7.741379310344828069e-01
7.741379310344828069e-01
7.741379310344828069e-01
7.741379310344828069e-01
7.741379310344828069e-01
7.741379310344828069e-01
7.741379310344828069e-01
7.758620689655172376e-01
7.758620689655172376e-01
7.758620689655172376e-01
7.758620689655172376e-01
7.758620689655172376e-01
7.758620689655172376e-01
7.758620689655172376e-01
7.758620689655172376e-01
7.758620689655172376e-01
7.758620689655172376e-01
7.758620689655172376e-01
7.758620689655172376e-01
7.758620689655172376e-01
7.758620689655172376e-01
7.758620689655172376e-01
7.758620689655172376e-01
7.758620689655172376e-01
7.758620689655172376e-01
7.758620689655172376e-01
7.758620689655172376e-01
7.758620689655172376e-01
7.758620689655172376e-01
7.758620689655172376e-01
7.758620689655172376e-01
7.758620689655172376e-01
7.758620689655172376e-01
7.758620689655172376e-01
7.758620689655172376e-01
7.758620689655172376e-01
7.758620689655172376e-01
7.758620689655172376e-01
7.758620689655172376e-01
7.758620689655172376e-01
7.758620689655172376e-01
7.758620689655172376e-01
7.758620689655172376e-01
7.758620689655172376e-01
7.758620689655172376e-01
7.758620689655172376e-01
7.758620689655172376e-01
7.758620689655172376e-01
7.758620689655172376e-01
7.758620689655172376e-01
7.758620689655172376e-01
7.758620689655172376e-01
7.758620689655172376e-01
7.758620689655172376e-01
7.758620689655172376e-01
7.758620689655172376e-01
7.758620689655172376e-01
7.758620689655172376e-01
7.758620689655172376e-01
7.758620689655172376e-01
7.758620689655172376e-01
7.758620689655172376e-01
7.758620689655172376e-01
7.758620689655172376e-01
7.758620689655172376e-01
7.758620689655172376e-01
7.758620689655172376e-01
7.758620689655172376e-01
7.758620689655172376e-01
7.758620689655172376e-01
7.758620689655172376e-01
7.758620689655172376e-01
7.758620689655172376e-01
7.758620689655172376e-01
7.758620689655172376e-01
7.758620689655172376e-01
7.758620689655172376e-01
7.758620689655172376e-01
7.758620689655172376e-01
7.758620689655172376e-01
7.758620689655172376e-01
7.758620689655172376e-01
7.758620689655172376e-01
7.758620689655172376e-01
7.758620689655172376e-01
7.758620689655172376e-01
7.758620689655172376e-01
7.758620689655172376e-01
7.758620689655172376e-01
7.758620689655172376e-01
7.758620689655172376e-01
7.758620689655172376e-01
7.758620689655172376e-01
7.758620689655172376e-01
7.758620689655172376e-01
7.758620689655172376e-01
7.758620689655172376e-01
7.758620689655172376e-01
7.758620689655172376e-01
7.758620689655172376e-01
7.775862068965517793e-01
7.775862068965517793e-01
7.775862068965517793e-01
7.775862068965517793e-01
7.775862068965517793e-01
7.775862068965517793e-01
7.775862068965517793e-01
7.775862068965517793e-01
7.775862068965517793e-01
7.775862068965517793e-01
7.775862068965517793e-01
7.775862068965517793e-01
7.775862068965517793e-01
7.775862068965517793e-01
7.775862068965517793e-01
7.775862068965517793e-01
7.775862068965517793e-01
7.775862068965517793e-01
7.775862068965517793e-01
7.775862068965517793e-01
7.775862068965517793e-01
7.775862068965517793e-01
7.775862068965517793e-01
7.775862068965517793e-01
7.775862068965517793e-01
7.775862068965517793e-01
7.775862068965517793e-01
7.775862068965517793e-01
7.775862068965517793e-01
7.775862068965517793e-01
7.775862068965517793e-01
7.775862068965517793e-01
7.775862068965517793e-01
7.775862068965517793e-01
7.775862068965517793e-01
7.775862068965517793e-01
7.775862068965517793e-01
7.775862068965517793e-01
7.775862068965517793e-01
7.775862068965517793e-01
7.775862068965517793e-01
7.775862068965517793e-01
7.775862068965517793e-01
7.775862068965517793e-01
7.775862068965517793e-01
7.775862068965517793e-01
7.775862068965517793e-01
7.775862068965517793e-01
7.775862068965517793e-01
7.775862068965517793e-01
7.775862068965517793e-01
7.775862068965517793e-01
7.775862068965517793e-01
7.775862068965517793e-01
7.775862068965517793e-01
7.775862068965517793e-01
7.775862068965517793e-01
7.775862068965517793e-01
7.775862068965517793e-01
7.775862068965517793e-01
7.775862068965517793e-01
7.775862068965517793e-01
7.775862068965517793e-01
7.775862068965517793e-01
7.775862068965517793e-01
7.775862068965517793e-01
7.775862068965517793e-01
7.775862068965517793e-01
7.775862068965517793e-01
7.775862068965517793e-01
7.775862068965517793e-01
7.775862068965517793e-01
7.775862068965517793e-01
7.775862068965517793e-01
7.775862068965517793e-01
7.775862068965517793e-01
7.775862068965517793e-01
7.775862068965517793e-01
7.775862068965517793e-01
7.775862068965517793e-01
7.775862068965517793e-01
7.775862068965517793e-01
7.775862068965517793e-01
7.775862068965517793e-01
7.775862068965517793e-01
7.775862068965517793e-01
7.775862068965517793e-01
7.775862068965517793e-01
7.775862068965517793e-01
7.775862068965517793e-01
7.775862068965517793e-01
7.775862068965517793e-01
7.775862068965517793e-01
7.775862068965517793e-01
7.775862068965517793e-01
7.775862068965517793e-01
7.775862068965517793e-01
7.775862068965517793e-01
7.775862068965517793e-01
7.775862068965517793e-01
7.775862068965517793e-01
7.775862068965517793e-01
7.775862068965517793e-01
7.775862068965517793e-01
7.775862068965517793e-01
7.775862068965517793e-01
7.775862068965517793e-01
7.775862068965517793e-01
7.775862068965517793e-01
7.775862068965517793e-01
7.775862068965517793e-01
7.775862068965517793e-01
7.775862068965517793e-01
7.775862068965517793e-01
7.775862068965517793e-01
7.775862068965517793e-01
7.775862068965517793e-01
7.775862068965517793e-01
7.775862068965517793e-01
7.775862068965517793e-01
7.775862068965517793e-01
7.775862068965517793e-01
7.775862068965517793e-01
7.775862068965517793e-01
7.775862068965517793e-01
7.775862068965517793e-01
7.775862068965517793e-01
7.775862068965517793e-01
7.775862068965517793e-01
7.775862068965517793e-01
7.775862068965517793e-01
7.775862068965517793e-01
7.775862068965517793e-01
7.775862068965517793e-01
7.775862068965517793e-01
7.775862068965517793e-01
7.775862068965517793e-01
7.775862068965517793e-01
7.775862068965517793e-01
7.775862068965517793e-01
7.775862068965517793e-01
7.775862068965517793e-01
7.775862068965517793e-01
7.775862068965517793e-01
7.775862068965517793e-01
7.775862068965517793e-01
7.775862068965517793e-01
7.775862068965517793e-01
7.775862068965517793e-01
7.775862068965517793e-01
7.775862068965517793e-01
7.775862068965517793e-01
7.775862068965517793e-01
7.775862068965517793e-01
7.775862068965517793e-01
7.775862068965517793e-01
7.775862068965517793e-01
7.775862068965517793e-01
7.775862068965517793e-01
7.775862068965517793e-01
7.775862068965517793e-01
7.775862068965517793e-01
7.775862068965517793e-01
7.775862068965517793e-01
7.775862068965517793e-01
7.775862068965517793e-01
7.775862068965517793e-01
7.775862068965517793e-01
7.775862068965517793e-01
7.775862068965517793e-01
7.775862068965517793e-01
7.775862068965517793e-01
7.775862068965517793e-01
7.775862068965517793e-01
7.775862068965517793e-01
7.775862068965517793e-01
7.775862068965517793e-01
7.775862068965517793e-01
7.775862068965517793e-01
7.775862068965517793e-01
7.775862068965517793e-01
7.775862068965517793e-01
7.775862068965517793e-01
7.775862068965517793e-01
7.775862068965517793e-01
7.775862068965517793e-01
7.775862068965517793e-01
7.775862068965517793e-01
7.775862068965517793e-01
7.775862068965517793e-01
7.775862068965517793e-01
7.775862068965517793e-01
7.775862068965517793e-01
7.775862068965517793e-01
7.775862068965517793e-01
7.775862068965517793e-01
7.775862068965517793e-01
7.775862068965517793e-01
7.775862068965517793e-01
7.775862068965517793e-01
7.775862068965517793e-01
7.775862068965517793e-01
7.775862068965517793e-01
7.775862068965517793e-01
7.775862068965517793e-01
7.775862068965517793e-01
7.775862068965517793e-01
7.775862068965517793e-01
7.775862068965517793e-01
7.775862068965517793e-01
7.775862068965517793e-01
7.775862068965517793e-01
7.775862068965517793e-01
7.775862068965517793e-01
7.775862068965517793e-01
7.775862068965517793e-01
7.775862068965517793e-01
7.775862068965517793e-01
7.775862068965517793e-01
7.775862068965517793e-01
7.775862068965517793e-01
7.775862068965517793e-01
7.775862068965517793e-01
7.775862068965517793e-01
7.775862068965517793e-01
7.775862068965517793e-01
7.775862068965517793e-01
7.775862068965517793e-01
7.775862068965517793e-01
7.775862068965517793e-01
7.775862068965517793e-01
7.775862068965517793e-01
7.775862068965517793e-01
7.775862068965517793e-01
7.775862068965517793e-01
7.775862068965517793e-01
7.775862068965517793e-01
7.775862068965517793e-01
7.775862068965517793e-01
7.775862068965517793e-01
7.775862068965517793e-01
7.775862068965517793e-01
7.775862068965517793e-01
7.775862068965517793e-01
7.775862068965517793e-01
7.775862068965517793e-01
7.775862068965517793e-01
7.775862068965517793e-01
7.775862068965517793e-01
7.775862068965517793e-01
7.775862068965517793e-01
7.775862068965517793e-01
7.775862068965517793e-01
7.775862068965517793e-01
7.775862068965517793e-01
7.775862068965517793e-01
7.775862068965517793e-01
7.775862068965517793e-01
7.775862068965517793e-01
7.775862068965517793e-01
7.775862068965517793e-01
7.775862068965517793e-01
7.775862068965517793e-01
7.775862068965517793e-01
7.775862068965517793e-01
7.775862068965517793e-01
7.775862068965517793e-01
7.775862068965517793e-01
7.775862068965517793e-01
7.775862068965517793e-01
7.775862068965517793e-01
7.775862068965517793e-01
7.775862068965517793e-01
7.775862068965517793e-01
7.775862068965517793e-01
7.775862068965517793e-01
7.775862068965517793e-01
7.775862068965517793e-01
7.775862068965517793e-01
7.775862068965517793e-01
7.775862068965517793e-01
7.775862068965517793e-01
7.775862068965517793e-01
7.775862068965517793e-01
7.775862068965517793e-01
7.775862068965517793e-01
7.775862068965517793e-01
7.775862068965517793e-01
7.775862068965517793e-01
7.775862068965517793e-01
7.775862068965517793e-01
7.775862068965517793e-01
7.775862068965517793e-01
7.775862068965517793e-01
7.775862068965517793e-01
7.775862068965517793e-01
7.775862068965517793e-01
7.775862068965517793e-01
7.775862068965517793e-01
7.775862068965517793e-01
7.775862068965517793e-01
7.775862068965517793e-01
7.775862068965517793e-01
7.775862068965517793e-01
7.775862068965517793e-01
7.775862068965517793e-01
7.775862068965517793e-01
7.775862068965517793e-01
7.775862068965517793e-01
7.775862068965517793e-01
7.775862068965517793e-01
7.775862068965517793e-01
7.775862068965517793e-01
7.775862068965517793e-01
7.775862068965517793e-01
7.775862068965517793e-01
7.775862068965517793e-01
7.775862068965517793e-01
7.775862068965517793e-01
7.775862068965517793e-01
7.775862068965517793e-01
7.775862068965517793e-01
7.775862068965517793e-01
7.775862068965517793e-01
7.793103448275862100e-01
7.793103448275862100e-01
7.793103448275862100e-01
7.793103448275862100e-01
7.793103448275862100e-01
7.793103448275862100e-01
7.793103448275862100e-01
7.793103448275862100e-01
7.793103448275862100e-01
7.793103448275862100e-01
7.793103448275862100e-01
7.793103448275862100e-01
7.793103448275862100e-01
7.793103448275862100e-01
7.793103448275862100e-01
7.793103448275862100e-01
7.793103448275862100e-01
7.793103448275862100e-01
7.793103448275862100e-01
7.793103448275862100e-01
7.793103448275862100e-01
7.793103448275862100e-01
7.793103448275862100e-01
7.793103448275862100e-01
7.793103448275862100e-01
7.793103448275862100e-01
7.793103448275862100e-01
7.793103448275862100e-01
7.793103448275862100e-01
7.793103448275862100e-01
7.793103448275862100e-01
7.793103448275862100e-01
7.793103448275862100e-01
7.793103448275862100e-01
7.793103448275862100e-01
7.793103448275862100e-01
7.793103448275862100e-01
7.793103448275862100e-01
7.810344827586206407e-01
7.810344827586206407e-01
7.810344827586206407e-01
7.810344827586206407e-01
7.810344827586206407e-01
7.810344827586206407e-01
7.810344827586206407e-01
7.810344827586206407e-01
7.810344827586206407e-01
7.810344827586206407e-01
7.810344827586206407e-01
7.810344827586206407e-01
7.810344827586206407e-01
7.810344827586206407e-01
7.810344827586206407e-01
7.810344827586206407e-01
7.810344827586206407e-01
7.810344827586206407e-01
7.810344827586206407e-01
7.810344827586206407e-01
7.810344827586206407e-01
7.810344827586206407e-01
7.810344827586206407e-01
7.810344827586206407e-01
7.810344827586206407e-01
7.810344827586206407e-01
7.810344827586206407e-01
7.810344827586206407e-01
7.810344827586206407e-01
7.810344827586206407e-01
7.810344827586206407e-01
7.810344827586206407e-01
7.810344827586206407e-01
7.810344827586206407e-01
7.810344827586206407e-01
7.810344827586206407e-01
7.810344827586206407e-01
7.810344827586206407e-01
7.810344827586206407e-01
7.810344827586206407e-01
7.810344827586206407e-01
7.810344827586206407e-01
7.810344827586206407e-01
7.810344827586206407e-01
7.810344827586206407e-01
7.827586206896551824e-01
7.827586206896551824e-01
7.827586206896551824e-01
7.827586206896551824e-01
7.827586206896551824e-01
7.827586206896551824e-01
7.827586206896551824e-01
7.827586206896551824e-01
7.827586206896551824e-01
7.827586206896551824e-01
7.827586206896551824e-01
7.827586206896551824e-01
7.827586206896551824e-01
7.827586206896551824e-01
7.827586206896551824e-01
7.827586206896551824e-01
7.827586206896551824e-01
7.827586206896551824e-01
7.827586206896551824e-01
7.827586206896551824e-01
7.827586206896551824e-01
7.827586206896551824e-01
7.827586206896551824e-01
7.827586206896551824e-01
7.844827586206896131e-01
7.844827586206896131e-01
7.844827586206896131e-01
7.844827586206896131e-01
7.844827586206896131e-01
7.844827586206896131e-01
7.844827586206896131e-01
7.844827586206896131e-01
7.844827586206896131e-01
7.844827586206896131e-01
7.844827586206896131e-01
7.844827586206896131e-01
7.844827586206896131e-01
7.844827586206896131e-01
7.844827586206896131e-01
7.844827586206896131e-01
7.844827586206896131e-01
7.844827586206896131e-01
7.844827586206896131e-01
7.844827586206896131e-01
7.844827586206896131e-01
7.844827586206896131e-01
7.862068965517241548e-01
7.862068965517241548e-01
7.862068965517241548e-01
7.862068965517241548e-01
7.862068965517241548e-01
7.862068965517241548e-01
7.862068965517241548e-01
7.862068965517241548e-01
7.862068965517241548e-01
7.862068965517241548e-01
7.862068965517241548e-01
7.862068965517241548e-01
7.862068965517241548e-01
7.862068965517241548e-01
7.862068965517241548e-01
7.862068965517241548e-01
7.862068965517241548e-01
7.862068965517241548e-01
7.862068965517241548e-01
7.862068965517241548e-01
7.862068965517241548e-01
7.862068965517241548e-01
7.862068965517241548e-01
7.862068965517241548e-01
7.862068965517241548e-01
7.862068965517241548e-01
7.862068965517241548e-01
7.862068965517241548e-01
7.862068965517241548e-01
7.862068965517241548e-01
7.862068965517241548e-01
7.862068965517241548e-01
7.862068965517241548e-01
7.862068965517241548e-01
7.862068965517241548e-01
7.862068965517241548e-01
7.862068965517241548e-01
7.862068965517241548e-01
7.862068965517241548e-01
7.862068965517241548e-01
7.862068965517241548e-01
7.862068965517241548e-01
7.862068965517241548e-01
7.862068965517241548e-01
7.862068965517241548e-01
7.862068965517241548e-01
7.862068965517241548e-01
7.862068965517241548e-01
7.862068965517241548e-01
7.862068965517241548e-01
7.862068965517241548e-01
7.862068965517241548e-01
7.862068965517241548e-01
7.862068965517241548e-01
7.862068965517241548e-01
7.862068965517241548e-01
7.862068965517241548e-01
7.862068965517241548e-01
7.862068965517241548e-01
7.862068965517241548e-01
7.862068965517241548e-01
7.862068965517241548e-01
7.862068965517241548e-01
7.862068965517241548e-01
7.862068965517241548e-01
7.862068965517241548e-01
7.862068965517241548e-01
7.862068965517241548e-01
7.862068965517241548e-01
7.862068965517241548e-01
7.862068965517241548e-01
7.862068965517241548e-01
7.862068965517241548e-01
7.862068965517241548e-01
7.862068965517241548e-01
7.862068965517241548e-01
7.862068965517241548e-01
7.862068965517241548e-01
7.862068965517241548e-01
7.862068965517241548e-01
7.862068965517241548e-01
7.862068965517241548e-01
7.862068965517241548e-01
7.862068965517241548e-01
7.862068965517241548e-01
7.862068965517241548e-01
7.862068965517241548e-01
7.862068965517241548e-01
7.862068965517241548e-01
7.862068965517241548e-01
7.862068965517241548e-01
7.862068965517241548e-01
7.862068965517241548e-01
7.862068965517241548e-01
7.862068965517241548e-01
7.862068965517241548e-01
7.862068965517241548e-01
7.862068965517241548e-01
7.862068965517241548e-01
7.862068965517241548e-01
7.862068965517241548e-01
7.862068965517241548e-01
7.862068965517241548e-01
7.862068965517241548e-01
7.862068965517241548e-01
7.862068965517241548e-01
7.862068965517241548e-01
7.862068965517241548e-01
7.862068965517241548e-01
7.862068965517241548e-01
7.862068965517241548e-01
7.862068965517241548e-01
7.862068965517241548e-01
7.862068965517241548e-01
7.862068965517241548e-01
7.862068965517241548e-01
7.862068965517241548e-01
7.862068965517241548e-01
7.862068965517241548e-01
7.862068965517241548e-01
7.862068965517241548e-01
7.862068965517241548e-01
7.862068965517241548e-01
7.862068965517241548e-01
7.862068965517241548e-01
7.862068965517241548e-01
7.862068965517241548e-01
7.862068965517241548e-01
7.862068965517241548e-01
7.862068965517241548e-01
7.879310344827585855e-01
7.879310344827585855e-01
7.879310344827585855e-01
7.879310344827585855e-01
7.879310344827585855e-01
7.879310344827585855e-01
7.879310344827585855e-01
7.879310344827585855e-01
7.879310344827585855e-01
7.879310344827585855e-01
7.879310344827585855e-01
7.896551724137931272e-01
7.896551724137931272e-01
7.896551724137931272e-01
7.896551724137931272e-01
7.896551724137931272e-01
7.896551724137931272e-01
7.896551724137931272e-01
7.896551724137931272e-01
7.896551724137931272e-01
7.896551724137931272e-01
1.000000000000000000e+00
