0.000000000000000000e+00
7.796869483347063090e-02
7.809478975772961296e-02
7.816204038400106913e-02
7.825030683098235795e-02
7.830494796482792563e-02
7.834697960624757707e-02
7.839321441180921446e-02
7.849829351535836386e-02
7.862438843961734591e-02
7.867482640932094151e-02
7.870424855831470445e-02
7.873367070730846740e-02
7.877149918458616062e-02
7.880512449772188177e-02
7.883034348257368651e-02
7.885135930328350529e-02
7.889339094470317060e-02
7.892701625783890562e-02
7.894803207854873828e-02
7.898586055582643151e-02
7.901107954067822237e-02
7.903629852553001323e-02
7.905311118209788768e-02
7.907833016694967854e-02
7.909514282351753911e-02
7.912456497251130205e-02
7.914558079322113471e-02
7.917920610635686973e-02
7.919601876292473031e-02
7.921283141949259088e-02
7.924645673262832590e-02
7.926747255333815856e-02
7.929689470233192150e-02
7.931370735889978207e-02
7.933892634375157293e-02
7.938095798517123824e-02
7.940197380588107090e-02
7.942298962659090356e-02
7.943980228315876413e-02
7.946081810386859678e-02
7.948603708872038764e-02
7.950705290943022030e-02
7.952386556599808087e-02
7.954488138670791353e-02
7.956169404327577410e-02
7.958270986398560676e-02
7.959952252055346733e-02
7.962053834126329999e-02
7.963735099783116056e-02
7.965416365439903501e-02
7.967517947510886767e-02
7.969199213167672824e-02
7.971300795238656089e-02
7.972982060895442147e-02
7.975503959380621233e-02
7.977605541451604498e-02
7.979707123522587764e-02
7.981388389179373821e-02
7.983069654836161266e-02
7.985171236907143144e-02
7.986852502563930589e-02
7.988954084634913855e-02
7.990635350291699912e-02
7.993157248776878998e-02
7.994838514433665055e-02
7.997360412918845529e-02
7.999041678575631587e-02
8.001563577060812060e-02
8.003665159131793938e-02
8.005346424788581383e-02
8.007448006859563261e-02
8.009969905344743735e-02
8.012491803829922821e-02
8.014173069486710266e-02
8.016274651557692144e-02
8.017955917214479589e-02
8.020057499285461466e-02
8.021738764942248912e-02
8.023420030599034969e-02
8.025521612670018234e-02
8.027623194741001500e-02
8.029724776811983378e-02
8.031406042468770823e-02
8.033507624539754088e-02
8.035188890196540146e-02
8.037290472267523411e-02
8.038971737924309469e-02
8.041493636409488555e-02
8.043595218480471820e-02
8.045276484137257877e-02
8.047378066208241143e-02
8.049059331865028588e-02
8.051160913936010466e-02
8.052842179592797911e-02
8.054943761663781177e-02
8.056625027320567234e-02
8.058726609391550499e-02
8.060407875048336557e-02
8.062089140705122614e-02
8.064190722776105880e-02
8.065871988432891937e-02
8.067973570503875202e-02
8.069654836160661260e-02
8.071756418231644525e-02
8.073437683888430583e-02
8.075118949545218028e-02
8.076800215202004085e-02
8.078481480858790142e-02
8.080162746515577588e-02
8.081844012172363645e-02
8.083945594243346910e-02
8.085626859900132968e-02
8.087728441971116233e-02
8.089830024042099499e-02
8.091931606113081377e-02
8.093612871769868822e-02
8.095714453840850700e-02
8.097395719497638145e-02
8.099076985154424202e-02
8.101178567225407468e-02
8.102859832882193525e-02
8.105381731367373999e-02
8.107062997024160056e-02
8.109164579095143321e-02
8.110845844751929379e-02
8.112947426822912644e-02
8.114628692479698702e-02
8.116730274550681967e-02
8.118411540207468025e-02
8.120513122278451290e-02
8.122614704349434556e-02
8.124295970006220613e-02
8.126397552077203879e-02
8.128078817733989936e-02
8.130600716219170410e-02
8.132281981875956467e-02
8.134383563946939733e-02
8.136064829603725790e-02
8.137325778846316027e-02
8.139427360917297904e-02
8.141528942988281170e-02
8.143630525059264436e-02
8.145311790716050493e-02
8.147413372787033758e-02
8.149094638443819816e-02
8.151196220514803081e-02
8.152877486171590526e-02
8.154558751828376584e-02
8.155819701070966821e-02
8.157500966727752878e-02
8.159602548798736144e-02
8.160863498041324993e-02
8.162965080112308258e-02
8.164646345769094316e-02
8.166747927840077581e-02
8.168429193496865026e-02
8.170110459153651083e-02
8.171791724810437141e-02
8.173472990467223198e-02
8.175574572538206464e-02
8.177255838194992521e-02
8.179357420265975787e-02
8.181038685922763232e-02
8.183140267993745109e-02
8.184821533650532555e-02
8.186923115721515820e-02
8.188604381378301877e-02
8.190705963449285143e-02
8.192387229106071200e-02
8.194068494762857258e-02
8.196170076833840523e-02
8.197851342490626581e-02
8.199952924561609846e-02
8.201634190218395903e-02
8.203735772289379169e-02
8.205417037946165226e-02
8.207518620017148492e-02
8.209199885673935937e-02
8.210881151330721994e-02
8.212982733401705260e-02
8.214663999058491317e-02
8.216345264715277374e-02
8.218026530372063432e-02
8.220128112443046697e-02
8.221809378099834142e-02
8.223910960170816020e-02
8.225592225827603465e-02
8.227693807898586731e-02
8.229795389969568609e-02
8.231896972040551874e-02
8.233998554111535140e-02
8.235679819768321197e-02
8.237781401839304463e-02
8.239462667496090520e-02
8.241564249567073785e-02
8.243245515223859843e-02
8.245347097294843108e-02
8.247028362951630553e-02
8.248709628608416611e-02
8.250811210679399876e-02
8.252492476336185934e-02
8.254594058407169199e-02
8.256275324063955257e-02
8.258376906134938522e-02
8.260058171791724579e-02
8.262159753862707845e-02
8.263841019519493902e-02
8.265942601590477168e-02
8.267623867247263225e-02
8.269305132904050670e-02
8.271406714975032548e-02
8.274348929874408842e-02
8.276450511945392108e-02
8.278131777602179553e-02
8.280233359673161431e-02
8.281914625329948876e-02
8.284016207400930754e-02
8.285697473057718199e-02
8.287378738714504256e-02
8.289480320785487522e-02
8.291161586442273579e-02
8.293263168513256844e-02
8.294944434170042902e-02
8.297046016241026167e-02
8.298727281897812225e-02
8.300828863968795490e-02
8.302510129625581548e-02
8.304611711696564813e-02
8.306292977353352258e-02
8.307974243010138315e-02
8.310075825081121581e-02
8.311757090737907638e-02
8.313858672808890904e-02
8.315539938465676961e-02
8.317641520536660227e-02
8.319322786193446284e-02
8.321424368264429550e-02
8.323105633921215607e-02
8.324786899578001664e-02
8.326888481648984930e-02
8.328569747305772375e-02
8.330671329376754253e-02
8.332352595033541698e-02
8.334454177104524963e-02
8.336135442761311021e-02
8.338237024832294286e-02
8.339918290489080344e-02
8.342019872560063609e-02
8.343701138216849666e-02
8.345382403873635724e-02
8.347483985944618989e-02
8.349165251601405047e-02
8.351266833672388312e-02
8.353368415743371578e-02
8.355469997814354843e-02
8.357151263471140901e-02
8.359252845542124166e-02
8.360934111198910224e-02
8.362195060441500460e-02
8.364296642512483726e-02
8.365977908169269783e-02
8.368079490240253049e-02
8.369760755897039106e-02
8.371862337968022372e-02
8.373543603624808429e-02
8.375645185695791695e-02
8.377326451352577752e-02
8.379428033423561017e-02
8.381109299080347075e-02
8.382790564737134520e-02
8.384892146808117785e-02
8.386573412464903843e-02
8.388674994535887108e-02
8.390356260192673166e-02
8.392457842263656431e-02
8.394139107920442489e-02
8.396240689991425754e-02
8.397921955648211811e-02
8.399603221304997869e-02
8.401704803375981134e-02
8.403386069032767192e-02
8.405907967517947665e-02
8.407589233174733723e-02
8.409690815245716988e-02
8.411372080902503046e-02
8.413473662973486311e-02
8.415154928630272368e-02
8.417256510701255634e-02
8.418937776358041691e-02
8.420619042014829136e-02
8.422720624085812402e-02
8.424401889742598459e-02
8.426083155399384517e-02
8.427764421056170574e-02
8.429866003127153840e-02
8.431547268783939897e-02
8.433648850854923162e-02
8.435330116511710608e-02
8.437011382168496665e-02
8.439112964239479930e-02
8.440794229896265988e-02
8.442475495553052045e-02
8.444156761209838102e-02
8.446258343280821368e-02
8.447939608937608813e-02
8.450041191008590691e-02
8.451722456665378136e-02
8.453824038736361401e-02
8.455505304393147459e-02
8.457186570049933516e-02
8.459288152120916782e-02
8.460969417777702839e-02
8.463070999848686105e-02
8.464752265505472162e-02
8.466853847576455427e-02
8.468535113233241485e-02
8.470636695304224750e-02
8.472317960961010808e-02
8.473999226617798253e-02
8.476100808688781518e-02
8.477782074345567576e-02
8.479883656416550841e-02
8.481564922073336898e-02
8.483666504144320164e-02
8.485347769801106221e-02
8.487449351872089487e-02
8.489130617528875544e-02
8.491232199599858810e-02
8.492913465256644867e-02
8.494594730913432312e-02
8.496696312984414190e-02
8.498377578641201635e-02
8.500479160712183513e-02
8.502160426368970958e-02
8.504262008439954224e-02
8.505943274096740281e-02
8.508044856167723546e-02
8.509726121824509604e-02
8.511407387481295661e-02
8.513508969552278927e-02
8.515190235209064984e-02
8.517291817280048249e-02
8.518973082936834307e-02
8.521074665007817572e-02
8.522755930664603630e-02
8.524857512735586895e-02
8.526538778392374340e-02
8.528640360463356218e-02
8.530321626120143663e-02
8.532002891776929721e-02
8.534104473847912986e-02
8.537887321575682309e-02
8.540829536475058603e-02
8.542510802131844661e-02
8.544612384202827926e-02
8.546293649859613983e-02
8.550076497587383306e-02
8.551757763244170751e-02
8.553439028900956809e-02
8.555540610971940074e-02
8.557221876628726132e-02
8.559323458699709397e-02
8.561004724356495454e-02
8.563106306427478720e-02
8.564787572084264777e-02
8.566889154155248043e-02
8.568570419812034100e-02
8.570672001883017366e-02
8.572353267539803423e-02
8.574034533196590868e-02
8.576136115267572746e-02
8.577817380924360191e-02
8.579918962995343457e-02
8.581600228652129514e-02
8.583701810723112779e-02
8.585383076379898837e-02
8.587484658450882102e-02
8.589165924107668160e-02
8.590847189764454217e-02
8.592948771835437483e-02
8.594630037492223540e-02
8.596731619563206805e-02
8.598412885219994251e-02
8.600514467290976128e-02
8.602195732947763573e-02
8.604297315018745451e-02
8.605978580675532896e-02
8.608080162746516162e-02
8.609761428403302219e-02
8.611442694060088276e-02
8.613964592545268750e-02
8.615645858202054808e-02
8.617747440273038073e-02
8.619428705929824130e-02
8.621109971586610188e-02
8.622791237243396245e-02
8.624892819314379511e-02
8.626574084971166956e-02
8.628255350627953013e-02
8.630356932698936279e-02
8.632038198355722336e-02
8.634139780426705602e-02
8.635821046083491659e-02
8.637922628154474924e-02
8.639603893811260982e-02
8.641705475882244247e-02
8.643386741539030305e-02
8.645488323610013570e-02
8.647169589266799627e-02
8.648850854923587073e-02
8.650952436994568950e-02
8.652633702651356395e-02
8.654735284722339661e-02
8.656416550379125718e-02
8.658518132450108984e-02
8.660199398106895041e-02
8.662300980177878307e-02
8.663982245834664364e-02
8.665663511491450421e-02
8.667765093562433687e-02
8.669446359219219744e-02
8.671547941290203010e-02
8.673229206946989067e-02
8.675330789017972333e-02
8.677012054674759778e-02
8.679113636745741656e-02
8.681635535230922129e-02
8.683737117301905395e-02
8.685418382958691452e-02
8.687099648615477510e-02
8.689201230686460775e-02
8.690882496343246832e-02
8.692984078414230098e-02
8.694665344071016155e-02
8.696766926141999421e-02
8.698448191798785478e-02
8.700549773869768744e-02
8.702231039526556189e-02
8.703912305183342246e-02
8.706013887254325512e-02
8.707695152911111569e-02
8.709796734982094835e-02
8.711478000638880892e-02
8.713579582709864157e-02
8.715260848366650215e-02
8.717362430437633480e-02
8.719043696094419538e-02
8.721145278165402803e-02
8.722826543822188861e-02
8.724507809478976306e-02
8.726609391549958183e-02
8.728290657206745629e-02
8.730392239277728894e-02
8.732073504934514951e-02
8.734175087005498217e-02
8.735856352662284274e-02
8.737957934733267540e-02
8.739639200390053597e-02
8.741320466046839655e-02
8.743422048117822920e-02
8.745103313774608977e-02
8.747204895845592243e-02
8.748886161502378300e-02
8.750987743573361566e-02
8.752669009230149011e-02
8.754770591301130889e-02
8.756451856957918334e-02
8.758553439028901599e-02
8.760234704685687657e-02
8.761915970342473714e-02
8.764017552413456980e-02
8.765698818070243037e-02
8.767800400141226302e-02
8.769481665798012360e-02
8.771583247868995625e-02
8.773264513525781683e-02
8.775366095596764948e-02
8.777047361253551006e-02
8.778728626910338451e-02
8.780830208981321716e-02
8.782511474638107773e-02
8.785033373123286859e-02
8.786714638780074305e-02
8.788816220851056182e-02
8.790497486507843627e-02
8.792599068578825505e-02
8.794280334235612950e-02
8.796381916306596216e-02
8.798063181963382273e-02
8.799744447620168331e-02
8.801846029691151596e-02
8.803527295347937653e-02
8.805628877418920919e-02
8.807310143075706976e-02
8.809411725146690242e-02
8.811092990803476299e-02
8.813194572874459565e-02
8.814875838531247010e-02
8.816557104188033067e-02
8.818658686259016333e-02
8.820339951915802390e-02
8.822441533986785656e-02
8.824122799643571713e-02
8.826224381714554978e-02
8.827905647371341036e-02
8.830007229442324301e-02
8.831688495099110359e-02
8.833790077170093624e-02
8.835471342826879682e-02
8.837152608483667127e-02
8.839254190554649004e-02
8.840935456211436450e-02
8.843037038282418327e-02
8.844718303939205772e-02
8.846819886010189038e-02
8.848501151666975095e-02
8.850602733737958361e-02
8.852283999394744418e-02
8.853965265051530475e-02
8.856066847122513741e-02
8.857748112779299798e-02
8.859849694850283064e-02
8.861530960507069121e-02
8.863632542578052387e-02
8.865313808234839832e-02
8.867415390305821710e-02
8.869096655962609155e-02
8.871198238033591033e-02
8.872879503690378478e-02
8.874560769347164535e-02
8.876662351418147801e-02
8.878343617074933858e-02
8.880445199145917123e-02
8.882126464802703181e-02
8.884228046873686446e-02
8.885909312530472504e-02
8.888010894601455769e-02
8.889692160258241826e-02
8.891373425915029272e-02
8.893475007986012537e-02
8.895156273642798594e-02
8.897257855713781860e-02
8.898939121370567917e-02
8.901040703441551183e-02
8.902721969098337240e-02
8.904823551169320506e-02
8.906504816826106563e-02
8.908606398897089829e-02
8.912389246624859152e-02
8.914070512281645209e-02
8.917012727181021503e-02
8.918693992837808948e-02
8.920795574908790826e-02
8.922476840565578271e-02
8.924578422636560149e-02
8.926259688293347594e-02
8.928361270364330859e-02
8.930042536021116917e-02
8.931723801677902974e-02
8.933825383748886240e-02
8.935506649405672297e-02
8.937608231476655563e-02
8.939709813547638828e-02
8.942231712032817914e-02
8.943912977689605359e-02
8.946014559760587237e-02
8.947695825417374682e-02
8.951478673145144005e-02
8.953159938801930062e-02
8.954841204458716120e-02
8.956942786529699385e-02
8.958624052186485442e-02
8.960725634257468708e-02
8.962406899914254765e-02
8.964508481985238031e-02
8.966189747642025476e-02
8.968291329713007354e-02
8.969972595369794799e-02
8.971653861026580856e-02
8.973755443097564122e-02
8.975436708754350179e-02
8.977538290825333445e-02
8.979219556482119502e-02
8.981321138553102768e-02
8.983002404209888825e-02
8.985103986280872090e-02
8.986785251937658148e-02
8.988886834008641413e-02
8.990568099665427471e-02
8.992249365322214916e-02
8.994350947393198181e-02
8.996032213049984239e-02
8.998133795120967504e-02
8.999815060777753561e-02
9.001916642848736827e-02
9.005279174162308942e-02
9.007380756233292207e-02
9.009062021890078265e-02
9.010743287546865710e-02
9.012844869617848975e-02
9.016627717345618298e-02
9.018729299416600176e-02
9.021251197901780650e-02
9.023352779972763915e-02
9.025034045629549972e-02
9.027135627700533238e-02
9.028816893357319295e-02
9.030918475428302561e-02
9.032599741085088618e-02
9.034281006741874676e-02
9.036382588812857941e-02
9.038063854469645386e-02
9.040165436540627264e-02
9.041846702197414709e-02
9.043948284268396587e-02
9.045629549925184032e-02
9.047731131996167298e-02
9.049412397652953355e-02
9.051093663309739412e-02
9.053195245380722678e-02
9.054876511037508735e-02
9.056978093108492001e-02
9.058659358765278058e-02
9.062862522907244589e-02
9.065384421392423675e-02
9.067486003463406941e-02
9.069167269120192998e-02
9.071268851191176263e-02
9.072950116847963709e-02
9.074631382504749766e-02
9.076732964575733031e-02
9.078414230232519089e-02
9.080515812303502354e-02
9.082197077960288412e-02
9.084298660031271677e-02
9.085979925688057735e-02
9.088501824173238208e-02
9.090183089830024266e-02
9.093965937557793588e-02
9.097328468871365703e-02
9.099009734528153148e-02
9.101111316599136414e-02
9.102792582255922471e-02
9.104894164326905737e-02
9.106575429983691794e-02
9.110358277711461117e-02
9.112039543368247174e-02
9.114141125439230440e-02
9.115822391096016497e-02
9.117503656752803942e-02
9.119605238823787208e-02
9.121286504480573265e-02
9.123388086551556531e-02
9.125069352208342588e-02
9.127170934279325853e-02
9.128852199936111911e-02
9.132635047663881234e-02
9.134316313320667291e-02
9.135997578977454736e-02
9.138099161048436614e-02
9.139780426705224059e-02
9.141882008776207325e-02
9.143563274432993382e-02
9.145664856503976647e-02
9.147346122160762705e-02
9.149447704231745970e-02
9.151128969888532028e-02
9.153230551959515293e-02
9.154911817616301350e-02
9.156593083273087408e-02
9.158694665344070673e-02
9.160375931000858118e-02
9.162897829486037204e-02
9.164579095142823262e-02
9.166680677213806527e-02
9.168361942870592585e-02
9.170463524941575850e-02
9.172144790598361908e-02
9.173826056255149353e-02
9.175927638326131230e-02
9.177608903982918676e-02
9.179710486053901941e-02
9.181391751710687998e-02
9.183913650195867084e-02
9.185594915852654530e-02
9.187696497923636407e-02
9.189377763580423852e-02
9.191479345651405730e-02
9.193160611308193175e-02
9.194841876964979233e-02
9.196943459035962498e-02
9.198624724692748555e-02
9.201566939592124850e-02
9.203248205248910907e-02
9.205349787319894173e-02
9.207031052976680230e-02
9.209132635047663495e-02
9.211234217118646761e-02
9.212915482775432818e-02
9.215017064846416084e-02
9.216698330503202141e-02
9.218799912574185407e-02
9.220481178230972852e-02
9.223003076716151938e-02
9.224684342372937995e-02
9.226785924443921261e-02
9.228467190100707318e-02
9.230568772171690584e-02
9.232250037828476641e-02
9.233931303485264086e-02
9.236032885556247352e-02
9.237714151213033409e-02
9.239815733284016674e-02
9.241496998940802732e-02
9.243598581011785997e-02
9.245279846668572055e-02
9.247381428739555320e-02
9.249903327224734406e-02
9.251164276467324643e-02
9.253265858538307909e-02
9.255367440609291174e-02
9.257469022680273052e-02
9.259150288337060497e-02
9.261251870408043763e-02
9.262933136064829820e-02
9.265034718135813085e-02
9.267136300206796351e-02
9.269237882277778229e-02
9.270919147934565674e-02
9.272600413591351731e-02
9.274701995662334997e-02
9.276383261319121054e-02
9.278484843390104320e-02
9.280166109046890377e-02
9.282267691117873643e-02
9.284369273188856908e-02
9.286470855259840174e-02
9.288152120916626231e-02
9.289833386573412288e-02
9.291934968644395554e-02
9.293616234301181611e-02
9.295717816372164877e-02
9.297399082028950934e-02
9.299500664099934200e-02
9.301181929756720257e-02
9.303703828241900731e-02
9.305805410312883996e-02
9.307906992383867262e-02
9.309588258040653319e-02
9.311269523697439376e-02
9.313371105768422642e-02
9.315052371425208699e-02
9.317574269910389173e-02
9.319675851981371051e-02
9.322197750466551525e-02
9.324299332537534790e-02
9.325980598194320847e-02
9.328082180265304113e-02
9.329763445922090170e-02
9.332285344407269256e-02
9.334807242892449730e-02
9.337749457791826024e-02
9.340691672691202319e-02
9.342793254762185584e-02
9.344894836833167462e-02
9.347416735318347936e-02
9.349098000975133993e-02
9.351199583046117259e-02
9.352880848702903316e-02
9.354562114359689373e-02
9.356663696430672639e-02
9.358344962087460084e-02
9.360446544158441962e-02
9.362548126229425227e-02
9.365910657542998730e-02
9.367591923199784787e-02
9.370113821684963873e-02
9.371795087341751318e-02
9.373476352998537375e-02
9.376418567897913670e-02
9.378099833554699727e-02
9.380621732039880201e-02
9.382302997696666258e-02
9.384404579767649524e-02
9.386085845424435581e-02
9.388187427495418846e-02
9.390709325980597932e-02
9.392810908051581198e-02
9.394492173708367255e-02
9.396173439365154700e-02
9.398275021436136578e-02
9.399956287092924023e-02
9.402478185578103109e-02
9.404159451234889167e-02
9.407101666134265461e-02
9.408782931791052906e-02
9.410884513862034784e-02
9.412565779518822229e-02
9.414247045175608286e-02
9.416768943660787372e-02
9.418450209317574817e-02
9.420551791388556695e-02
9.422233057045344140e-02
9.424754955530523226e-02
9.426436221187309283e-02
9.428958119672489757e-02
9.431059701743473023e-02
9.433161283814454900e-02
9.434842549471242346e-02
9.436523815128028403e-02
9.439466030027404697e-02
9.441147295684190754e-02
9.443248877755174020e-02
9.444930143411960077e-02
9.447452041897140551e-02
9.449133307553926608e-02
9.452075522453302903e-02
9.453756788110088960e-02
9.455438053766875017e-02
9.457959952252055491e-02
9.460061534323038757e-02
9.462163116394022022e-02
9.463844382050808079e-02
9.465945964121791345e-02
9.467627229778577402e-02
9.470149128263756488e-02
9.472250710334739754e-02
9.474352292405723019e-02
9.477714823719296522e-02
9.479396089376082579e-02
9.481497671447065845e-02
9.483599253518047723e-02
9.486121152003228196e-02
9.487802417660014254e-02
9.489903999730997519e-02
9.491585265387783577e-02
9.493686847458766842e-02
9.495368113115552899e-02
9.497049378772340344e-02
9.499150960843322222e-02
9.501252542914305488e-02
9.503354124985288753e-02
9.505035390642074811e-02
9.507557289127255284e-02
9.509658871198238550e-02
9.511760453269220428e-02
9.513441718926007873e-02
9.515122984582793930e-02
9.517224566653777196e-02
9.518905832310563253e-02
9.521427730795743727e-02
9.523108996452529784e-02
9.525630894937708870e-02
9.527732477008692136e-02
9.530254375493871222e-02
9.531935641150658667e-02
9.534457539635837753e-02
9.536138805292623810e-02
9.537820070949411255e-02
9.540341969434590341e-02
9.542863867919769427e-02
9.544965449990752693e-02
9.547067032061735958e-02
9.550009246961112253e-02
9.551690512617898310e-02
9.553792094688881575e-02
9.555473360345667633e-02
9.558415575245043927e-02
9.560096840901831372e-02
9.561778106558617429e-02
9.564300005043796515e-02
9.566401587114779781e-02
9.568503169185763046e-02
9.570184434842549104e-02
9.573126649741925398e-02
9.574807915398712843e-02
9.577329813883891929e-02
9.579011079540677986e-02
9.580692345197464044e-02
9.583214243682644518e-02
9.585736142167823604e-02
9.589098673481397106e-02
9.590779939138183163e-02
9.592881521209166429e-02
9.595403419694345515e-02
9.597925318179525989e-02
9.600026900250509254e-02
9.602548798735688340e-02
9.604230064392474397e-02
9.605911330049260455e-02
9.609273861362833957e-02
9.610955127019620015e-02
9.613897341918996309e-02
9.616419240404176783e-02
9.618520822475158660e-02
9.620622404546141926e-02
9.623984935859715428e-02
9.626086517930698694e-02
9.628608416415877780e-02
9.630709998486861045e-02
9.633231896972040131e-02
9.635753795457220605e-02
9.637435061114006662e-02
9.640377276013382957e-02
9.642899174498562043e-02
9.645421072983742516e-02
9.647102338640528574e-02
9.649624237125707660e-02
9.652566452025083954e-02
9.656769616167050485e-02
9.660552463894819808e-02
9.663074362380000282e-02
9.666016577279376576e-02
9.668538475764555662e-02
9.671060374249734748e-02
9.673582272734915222e-02
9.676104171220094308e-02
9.678205753291077573e-02
9.680307335362060839e-02
9.682829233847239925e-02
9.685351132332420399e-02
9.688713663645992513e-02
9.691235562131172987e-02
9.694598093444745102e-02
9.696699675515728367e-02
9.700902839657694898e-02
9.703424738142873984e-02
9.706366953042250278e-02
9.709729484355822393e-02
9.712251382841002867e-02
9.716454546982969398e-02
9.719817078296541513e-02
9.724440558852703864e-02
9.727382773752080158e-02
9.731585937894046690e-02
9.735789102036013221e-02
9.738731316935389515e-02
9.741673531834765809e-02
9.745456379562535132e-02
9.750500176532893304e-02
9.752601758603876569e-02
9.756804922745843101e-02
9.760587770473612423e-02
9.765211251029774775e-02
9.767312833100758040e-02
9.773617579313707837e-02
9.776139477798886923e-02
9.780342641940853454e-02
9.784125489668622777e-02
9.787908337396392100e-02
9.790850552295768394e-02
9.793372450780947480e-02
9.796734982094520983e-02
9.800517829822290305e-02
9.807242892449435923e-02
9.815649220733367597e-02
9.822794599774710422e-02
9.828679029573463011e-02
9.832882193715429542e-02
9.838346307099984922e-02
9.844230736898737510e-02
9.848433901040704042e-02
9.850115166697490099e-02
9.855579280082045479e-02
9.858941811395618982e-02
9.865246557608567390e-02
9.871551303821517187e-02
9.876174784377679539e-02
9.880377948519646070e-02
9.884160796247415393e-02
9.890465542460363801e-02
9.894668706602330333e-02
9.900132819986885713e-02
9.907278199028228538e-02
9.912742312412783918e-02
9.921568957110912801e-02
9.932917500294222157e-02
9.944266043477530126e-02
9.952672371761461800e-02
9.963180282116376740e-02
9.969064711915129329e-02
9.983355469997814979e-02
9.991341481867549446e-02
1.000269002505085880e-01
1.001361825181996956e-01
1.002412616217488589e-01
1.003967786950016039e-01
1.005522957682543350e-01
1.007204223339329824e-01
1.009473931975991556e-01
1.011533482405554962e-01
1.014475697304931118e-01
1.017922291901343368e-01
1.020402158745103288e-01
1.024100943190033447e-01
1.028598328821937191e-01
1.038601859479816453e-01
1.057852351250020972e-01
1.000000000000000000e+00
