0.000000000000000000e+00
2.024291497975708523e-03
2.834008097165991932e-02
2.834008097165991932e-02
2.246963562753036547e-01
2.246963562753036547e-01
3.663967611336032548e-01
3.663967611336032548e-01
4.028340080971660186e-01
4.028340080971660186e-01
4.170040485829959453e-01
4.170040485829959453e-01
4.190283400809716730e-01
4.190283400809716730e-01
4.251012145748988003e-01
4.251012145748988003e-01
4.554655870445344368e-01
4.554655870445344368e-01
4.696356275303643635e-01
4.696356275303643635e-01
4.878542510121457454e-01
4.878542510121457454e-01
5.161943319838057098e-01
5.161943319838057098e-01
5.242914979757085092e-01
5.242914979757085092e-01
5.263157894736841813e-01
5.263157894736841813e-01
5.526315789473684736e-01
5.526315789473684736e-01
5.566801619433198178e-01
5.566801619433198178e-01
5.809716599190283270e-01
5.809716599190283270e-01
6.558704453441295268e-01
6.558704453441295268e-01
6.761133603238866918e-01
6.761133603238866918e-01
6.821862348178138191e-01
6.821862348178138191e-01
7.145748987854251277e-01
7.145748987854251277e-01
7.206477732793522550e-01
7.206477732793522550e-01
7.246963562753035992e-01
7.246963562753035992e-01
7.267206477732793823e-01
7.267206477732793823e-01
7.287449392712550544e-01
7.287449392712550544e-01
7.408906882591093090e-01
7.408906882591093090e-01
7.611336032388663630e-01
7.611336032388663630e-01
7.854251012145748723e-01
7.854251012145748723e-01
7.874493927125506554e-01
7.874493927125506554e-01
7.955465587044534548e-01
7.955465587044534548e-01
8.097165991902833815e-01
8.097165991902833815e-01
8.157894736842105088e-01
8.157894736842105088e-01
8.259109311740890913e-01
8.259109311740890913e-01
8.340080971659918907e-01
8.340080971659918907e-01
8.421052631578946901e-01
8.421052631578946901e-01
8.502024291497976005e-01
8.502024291497976005e-01
8.684210526315789824e-01
8.684210526315789824e-01
8.785425101214574539e-01
8.785425101214574539e-01
8.805668016194332370e-01
8.805668016194332370e-01
8.825910931174089091e-01
8.825910931174089091e-01
8.846153846153845812e-01
8.846153846153845812e-01
8.947368421052631637e-01
8.947368421052631637e-01
8.967611336032388358e-01
8.967611336032388358e-01
9.008097165991902910e-01
9.008097165991902910e-01
9.068825910931174183e-01
9.068825910931174183e-01
9.089068825910930904e-01
9.089068825910930904e-01
9.109311740890688736e-01
9.109311740890688736e-01
9.129554655870445457e-01
9.129554655870445457e-01
9.149797570850202177e-01
9.149797570850202177e-01
9.190283400809716730e-01
9.190283400809716730e-01
9.230769230769231282e-01
9.230769230769231282e-01
9.291497975708502555e-01
9.291497975708502555e-01
9.372469635627530549e-01
9.372469635627530549e-01
9.392712550607287270e-01
9.392712550607287270e-01
9.412955465587043991e-01
9.412955465587043991e-01
9.433198380566801822e-01
9.433198380566801822e-01
9.453441295546558543e-01
9.453441295546558543e-01
9.473684210526315264e-01
9.473684210526315264e-01
9.514170040485829816e-01
9.514170040485829816e-01
9.534412955465586537e-01
9.534412955465586537e-01
9.554655870445344368e-01
9.554655870445344368e-01
9.574898785425101089e-01
9.574898785425101089e-01
9.615384615384615641e-01
9.615384615384615641e-01
9.635627530364372362e-01
9.635627530364372362e-01
9.655870445344129083e-01
9.655870445344129083e-01
9.676113360323886914e-01
9.676113360323886914e-01
9.696356275303643635e-01
9.696356275303643635e-01
9.716599190283400356e-01
9.716599190283400356e-01
9.736842105263158187e-01
9.736842105263158187e-01
9.757085020242914908e-01
9.757085020242914908e-01
9.797570850202429460e-01
9.797570850202429460e-01
9.817813765182186181e-01
9.817813765182186181e-01
9.838056680161942902e-01
9.838056680161942902e-01
9.878542510121457454e-01
9.878542510121457454e-01
9.898785425101214175e-01
9.898785425101214175e-01
9.919028340080972006e-01
9.919028340080972006e-01
9.939271255060728727e-01
9.939271255060728727e-01
9.959514170040485448e-01
9.959514170040485448e-01
9.979757085020243279e-01
9.979757085020243279e-01
1.000000000000000000e+00
1.000000000000000000e+00
