0.000000000000000000e+00
0.000000000000000000e+00
0.000000000000000000e+00
2.024291497975708523e-03
2.024291497975708523e-03
4.048582995951417046e-03
4.048582995951417046e-03
6.072874493927125569e-03
6.072874493927125569e-03
8.097165991902834092e-03
8.097165991902834092e-03
1.012145748987854262e-02
1.012145748987854262e-02
1.214574898785425114e-02
1.214574898785425114e-02
1.417004048582995966e-02
1.417004048582995966e-02
1.619433198380566818e-02
1.619433198380566818e-02
1.821862348178137497e-02
1.821862348178137497e-02
2.024291497975708523e-02
2.024291497975708523e-02
2.226720647773279202e-02
2.226720647773279202e-02
2.429149797570850228e-02
2.429149797570850228e-02
2.631578947368420907e-02
2.631578947368420907e-02
2.834008097165991932e-02
2.834008097165991932e-02
3.036437246963562611e-02
3.036437246963562611e-02
3.238866396761133637e-02
3.238866396761133637e-02
3.441295546558704316e-02
3.441295546558704316e-02
3.643724696356274995e-02
3.643724696356274995e-02
3.846153846153846367e-02
3.846153846153846367e-02
4.048582995951417046e-02
4.048582995951417046e-02
4.251012145748987725e-02
4.251012145748987725e-02
4.453441295546558404e-02
4.453441295546558404e-02
5.668016194331983865e-02
5.668016194331983865e-02
5.870445344129554543e-02
5.870445344129554543e-02
6.072874493927125222e-02
6.072874493927125222e-02
6.275303643724695901e-02
6.275303643724695901e-02
6.477732793522267274e-02
6.477732793522267274e-02
6.680161943319838647e-02
6.680161943319838647e-02
6.882591093117408632e-02
6.882591093117408632e-02
7.085020242914980004e-02
7.085020242914980004e-02
7.489878542510121362e-02
7.489878542510121362e-02
7.692307692307692735e-02
7.692307692307692735e-02
7.894736842105262720e-02
7.894736842105262720e-02
8.097165991902834092e-02
8.097165991902834092e-02
8.704453441295546823e-02
8.704453441295546823e-02
9.109311740890688180e-02
9.109311740890688180e-02
9.311740890688259553e-02
9.311740890688259553e-02
9.716599190283400911e-02
9.716599190283400911e-02
1.093117408906882637e-01
1.093117408906882637e-01
1.113360323886639636e-01
1.113360323886639636e-01
1.133603238866396773e-01
1.133603238866396773e-01
1.174089068825910909e-01
1.174089068825910909e-01
1.194331983805668046e-01
1.194331983805668046e-01
1.234817813765182182e-01
1.234817813765182182e-01
1.275303643724696456e-01
1.275303643724696456e-01
1.295546558704453455e-01
1.295546558704453455e-01
1.315789473684210453e-01
1.315789473684210453e-01
1.336032388663967729e-01
1.336032388663967729e-01
1.417004048582996001e-01
1.417004048582996001e-01
1.518218623481781271e-01
1.518218623481781271e-01
1.619433198380566818e-01
1.619433198380566818e-01
1.821862348178137636e-01
1.821862348178137636e-01
1.943319838056680182e-01
1.943319838056680182e-01
1.963562753036437181e-01
1.963562753036437181e-01
1.983805668016194457e-01
1.983805668016194457e-01
2.044534412955465452e-01
2.044534412955465452e-01
2.125506072874494001e-01
2.125506072874494001e-01
2.206477732793522273e-01
2.206477732793522273e-01
2.469635627530364363e-01
2.469635627530364363e-01
2.510121457489878360e-01
2.510121457489878360e-01
2.591093117408906910e-01
2.591093117408906910e-01
2.753036437246963453e-01
2.753036437246963453e-01
2.773279352226720729e-01
2.773279352226720729e-01
2.813765182186234726e-01
2.813765182186234726e-01
2.995951417004048545e-01
2.995951417004048545e-01
3.056680161943319818e-01
3.056680161943319818e-01
3.117408906882591091e-01
3.117408906882591091e-01
3.157894736842105088e-01
3.157894736842105088e-01
3.238866396761133637e-01
3.238866396761133637e-01
4.028340080971660186e-01
4.028340080971660186e-01
4.109311740890688180e-01
4.109311740890688180e-01
4.311740890688259276e-01
4.311740890688259276e-01
4.331983805668015997e-01
4.331983805668015997e-01
4.736842105263157632e-01
4.736842105263157632e-01
4.959514170040486003e-01
4.959514170040486003e-01
4.979757085020242724e-01
4.979757085020242724e-01
5.587044534412956009e-01
5.587044534412956009e-01
5.809716599190283270e-01
5.809716599190283270e-01
1.000000000000000000e+00
