0.6042835727060739
0.41879830325649525
0.4080773074015236
0.3357383135728086
0.325019934335342
0.32407159572604183
0.3191597664017509
0.3140326493638513
0.31346273071220765
0.28146987873314483
0.2795368393499774
0.25959891140248165
0.25753006149706037
0.2505610337594832
0.24731464575649903
0.24638885872074276
0.2145920550840182
0.21079599343096359
0.20494760411668803
0.20052688362352541
0.18892266954906
0.18774746377284934
0.18479030865336998
0.1833747408244095
0.15257729644762302
0.1430111482044154
0.11951603259237031
0.11926136049572617
0.11602855058223
0.11038057565856686
0.10641493177965608
0.09859115479495265
0.08988926548533982
0.08956558296629338
0.0866577309354962
0.08554135314401169
0.08510007814100855
0.0822584083520708
0.081892430865294
0.08092759057482969
0.07728462501852325
0.07102809762324434
0.07085396552876208
0.06808311985363313
0.06521833919908068
0.06252337964357838
0.05942015119234518
0.056810051027859465
0.05640511845529857
0.05583405053493434
0.05541298269597565
0.05400141258689222
0.05345619743518272
0.053227706779340266
0.052863154816640695
0.05264523866835993
0.051364133725641435
0.0510187914911647
0.05028262290674513
0.046405401604787976
0.045246538627171706
0.045132235781873496
0.04430764397993868
0.04365707244057823
0.04281565566702851
0.04281154929289676
0.04270156080412731
0.04256738587541128
0.042312286299523674
0.04114241194544233
0.04099694291618946
0.04050737134302869
0.03856484321430404
0.03822965637354999
0.03787401270276123
0.03728692714156496
0.03720612821005407
0.03681599995023323
0.03647658218345786
0.03610327583542061
0.035766880869775336
0.035303565080217855
0.03522084307064304
0.032556311865929485
0.03249556117867906
0.03163179558031087
0.03148379933905068
0.03084433578761083
0.03048660220692965
0.030128961637206384
0.02979788461329958
0.02953862602373586
0.0288913057736651
0.028760599894962127
0.028705310089758792
0.027649502807652892
0.027585864792998703
0.027286215402316547
0.027213715839889775
0.02719892218755659
0.027106907180814602
0.026632515000665782
0.026516751143769755
0.026286186588283758
0.02622881998435224
0.026071140646078496
0.025922276955822703
0.025794430121726615
0.025335001311881197
0.024773695433514757
0.024770354874704255
0.023769255658049805
0.02361033410585857
0.023571600578634857
0.023453461002141983
0.023373089096989163
0.022117801831206776
0.02203582563580876
0.021063100483278453
0.020659687499155095
0.02055805964832307
0.02042770940746931
0.020309099526995122
0.020006969168100398
0.01980892009358007
0.019515642295775883
0.019388510147184453
0.019248711770540827
0.01922124337042651
0.018876849551421722
0.018730092834261417
0.01868051588847114
0.01865925801487592
0.018374102470725424
0.018006149006307672
0.017981205142181905
0.01780240170243633
0.017723020044333074
0.01763057562948506
0.0175560751659532
0.01752488078539215
0.01734550222369942
0.017270953228301404
0.016967111925324983
0.016885556040235093
0.01680631254594257
0.01675538087756355
0.016224971087802353
0.01616693511873735
0.015649883890924945
0.015649188026026217
0.015641549105807177
0.015531092416849926
0.0154103215524471
0.015317326967590538
0.015062952568106705
0.014916812237230423
0.014849757215977503
0.014794043363094672
0.014574444923871948
0.014570182216595227
0.01447391917680065
0.014290788250977753
0.014281832111040737
0.014211150556517308
0.014168440833816286
0.014157428458820367
0.014145332669833727
0.01409927553260045
0.01409875254994191
0.014009545752904851
0.01395067593272287
0.013895596825791213
0.013888760341972745
0.013869184312407603
0.013623892249148636
0.013478422669428957
0.01328565233077769
0.013005791529499615
0.012966656815231781
0.012629784108313615
0.012578469397370808
0.012536055932237292
0.012341619973044218
0.012238272644440681
0.01219886324395922
0.012183550202475864
0.012034650000110773
0.01200196711120334
0.011833977845685111
0.011831834352551359
0.011826866213729892
0.011804702498803464
0.011786568848166198
0.011620338239986166
0.011588770434740252
0.011520350057558373
0.011504931790691519
0.01147816879504751
0.011474024608541935
0.011396444641151478
0.011236465021705043
0.01119428569427531
0.011184814914426506
0.011094979701087478
0.011064843991597743
0.01073063464665848
0.010705324794704593
0.010590580454518668
0.010537416835167986
0.010488677811949005
0.010147194534561813
0.010141230851533184
0.010123783284265341
0.010103720256652593
0.010092361859609154
0.010032456789869507
0.00991000434146162
0.009904214574832466
0.009824552601535889
0.009765554346037087
0.009689785450100654
0.009448128080130607
0.009446989154156291
0.00941391014496535
0.00935196041023175
0.009345897148427474
0.009299632027182921
0.009279566200134292
0.009208207820766583
0.009116174247618063
0.009088183304545262
0.0089990261660235
0.008957125783284408
0.008938201406202835
0.008936830345170222
0.008934839149399717
0.00890801196926903
0.00887924343207058
0.008871886723130315
0.008843627672942759
0.008841703455207326
0.008834955008970724
0.008723805813724832
0.008682675949450078
0.00860497484600193
0.008516589714500812
0.008412536707196598
0.008384532196468461
0.008317720214936965
0.008313200274373177
0.00826134549544304
0.008224026778171313
0.00804625905370612
0.007989694436438622
0.007953290277028912
0.007931720097396327
0.007900000025132671
0.007878984182464261
0.007865473765303835
0.007777637383102354
0.007667169326828902
0.0076668083542500735
0.007645234260886593
0.0075924001949870465
0.007582010276999974
0.007506000716323152
0.007499571540469984
0.007499114580364957
0.007498394659819031
0.007491275226901621
0.007477797314989271
0.007407835058337768
0.007379328956997635
0.007333328528769406
0.007317663723109201
0.007212723911748951
0.007199534341085374
0.007155464203817144
0.007151046764002453
0.007080663101351505
0.0070760161655793
0.007040038002035698
0.007033659799706058
0.006920560263232401
0.006846958698472246
0.006808989523242565
0.006780697049911229
0.006753226414855622
0.006743695032563126
0.006712726460362444
0.006517474494232114
0.006472681533513314
0.006442508813023557
0.006427662996833913
0.006425416898375765
0.006397744910686273
0.006376816101254913
0.006359174122958879
0.006351071142112018
0.006298759532366269
0.0062259552370653995
0.006209245838067338
0.006194843655758496
0.006172083258538771
0.006122801831661397
0.0061162930938392784
0.006092302295506117
0.006063984131156664
0.006012754148903342
0.00598596382930568
0.0059793626234400914
0.005945426070135512
0.005930773692944028
0.005905604853701663
0.0058809146940860665
0.005880851450708845
0.005866867258626548
0.005865011209459225
0.005839335267366077
0.005822979112432222
0.0058175568848994035
0.005792986854717727
0.005786124575905539
0.005772165843994889
0.005765269992166286
0.005764446370711612
0.005732995920663017
0.005688428036181396
0.005600258262982161
0.005545493120094992
0.0055436915297594445
0.0055318369024077545
0.005529693882851641
0.005524038905848947
0.005517752712010788
0.005511177122049648
0.005492638129514159
0.005455583507607521
0.0054275045295656184
0.00539355346152536
0.005382930363097574
0.00534298257756847
0.0052840835020022785
0.005282237807373785
0.0052811053326214915
0.005271441129514938
0.00525653518816072
0.00524846409912568
0.005231771833664313
0.005225997077278804
0.005198408231490394
0.005187376206016824
0.005184485649174052
0.0051718415405606595
0.005159439255194408
0.005149366207192215
0.005115089442591461
0.005083501874807034
0.00490788911624469
0.004901176963592602
0.004880718803989451
0.0048804135268771184
0.004870109617989368
0.004869488151441589
0.0048405985504656425
0.004833376549820768
0.004823670413629845
0.004771796858134153
0.004742940438443884
0.004734640429619637
0.004734453991065952
0.0047338283428580066
0.004706534559479213
0.004668996524082545
0.004662538008860064
0.0046594195294120165
0.004652505416485324
0.004643519221229601
0.004632735809460421
0.004590728726334452
0.0045052954661663185
0.0045014462718062
0.004488665344804815
0.004473537896320222
0.004444845062810947
0.004437479529359958
0.004435803894009168
0.0043854972311183306
0.00438252317760171
0.004380235301771785
0.004336475685800759
0.004329976203404233
0.004299691777972522
0.0042916637197043415
0.004266270337206803
0.004261990349621478
0.004250732993056851
0.004217923716213143
0.00421090201137037
0.004199150667643482
0.004198043863222845
0.004193318093684014
0.004177415746236901
0.004172891422925006
0.0041668018320832395
0.004124876852605385
0.004109077578325244
0.004105841667748218
0.00408988408009279
0.004039872392975393
0.004030437128293993
0.0040188422172335765
0.003990340399088819
0.003982739319886514
0.003964408715201979
0.003953028305799783
0.003939045552738326
0.003930980533001612
0.003908884180254389
0.003890185072872124
0.0038665102284280188
0.0038658932810572014
0.003815987695968902
0.0037394388933854536
0.003739074184063617
0.0037326449538232173
0.0037240127783725097
0.0037182470969631186
0.003714287121713294
0.003682062870613409
0.0036800498264668875
0.0036720867451841737
0.0036644665090543463
0.003660005669288711
0.003639262069725319
0.003637739263626033
0.0036363345162557324
0.0036256995427141163
0.003624262788623555
0.003620989325700503
0.0036199418121717663
0.0036163279061841957
0.003604118047475762
0.0035981630627059356
0.0035717626751735074
0.003565624389920443
0.0035607702482276854
0.0035483492036737303
0.003519722231066081
0.003512497731269457
0.0034874912177057468
0.0034758304802474374
0.0034717579268039333
0.0034691671890909343
0.0034676972306645964
0.0034609819828883646
0.0034531384272006916
0.003441945294934423
0.003441387332634922
0.0034345485264135837
0.0034096872033286436
0.0033881106865765024
0.0033833636348655034
0.0033622295440647056
0.003353778820981216
0.0033406644452940427
0.003324989243235322
0.0033111224999590417
0.0033083157728924792
0.0033003098637878745
0.003289336332969975
0.00328826416961743
0.0032805231156301
0.003226726148142882
0.003205318639037939
0.0032032568214307817
0.003202066149458069
0.0031800186766205796
0.0031665418337846257
0.003162126518110555
0.0031440611079804033
0.0031358092837462446
0.0031324677730150546
0.0031152018429477725
0.0031134491475460642
0.003112843657531078
0.00310767030395648
0.0030948885255375628
0.003087063911946083
0.0030829880082059945
0.0030671038583908036
0.0030311332051905244
0.0030096762061789578
0.003003064803237058
0.003000022955112178
0.002986540638638793
0.002984311003650793
0.002964123828951119
0.0029546560506878397
0.0029527941587859014
0.0029442520182356184
0.0029076904132623355
0.0028993075500397324
0.0028976670685636535
0.002884313774095649
0.0028794457406052815
0.0028794011700465447
0.002878252278587617
0.002877511650917711
0.002871855725826495
0.0028709332095840784
0.0028632226641326477
0.002857783628621791
0.0028410458464441773
0.002832192828250681
0.0028061429738080045
0.0028019296796536674
0.0027976431389802573
0.0027959094550323513
0.0027927218959298006
0.0027912578054865985
0.0027645752113356213
0.002764504252361011
0.0027502582354123222
0.0027430254723794668
0.0027377372659304396
0.0027331255146403927
0.002724357988089618
0.0027198574429400306
0.0027193751436394363
0.0027061071199296132
0.00270238022929355
0.00270076686793917
0.0027007127026501955
0.00269767778705123
0.0026864377494012397
0.0026635976376180866
0.0026479309023414383
0.002645109590090584
0.0026365394140336488
0.0026208878320409987
0.002620836939821898
0.0026193698124065707
0.0026135326346028095
0.0026125926545432533
0.002608335644706416
0.0026076846813060128
0.0026040113253755883
0.002591633912033986
0.0025717648528288724
0.0025698504297151084
0.0025688774393369377
0.0025645959471824946
0.0025632288010557507
0.0025551238884717565
0.0025427096446623124
0.002533390420638391
0.002517879190972645
0.0025137183219761422
0.0025105326534064776
0.0025044525908014393
0.0025041115193888356
0.0025034071102582275
0.0025016750658833874
0.0024840755473063796
0.0024813475914543695
0.002478375796590243
0.0024654072179282455
0.0024630496484786832
0.00246277342416626
0.002459545573494504
0.0024594360879409277
0.0024366917238338604
0.0024273729265115425
0.00242137036528932
0.0024193282899612556
0.0024085488226781695
0.0024081970904416346
0.002387795776928475
0.002376231190440833
0.0023644042277953413
0.0023596031383522906
0.0023549800126733216
0.0023510026816337794
0.0023509139230722268
0.00234988503862307
0.0023497335482738487
0.002323162023297323
0.00232230002315742
0.002320078246539036
0.0023045170134163534
0.0022957480085856927
0.0022949632561984614
0.002267111279913119
0.0022591228416065762
0.0022482270819252454
0.0022455644027862863
0.002242441221090091
0.0022412719355278795
0.002229289822607949
0.002228091449229544
0.002181809201125185
0.0021807429137218233
0.0021786784862030794
0.002174556342617044
0.002168074157306511
0.002158718620043576
0.002136106554727642
0.002135996075010737
0.0021265726164633636
0.002113870234041634
0.002108877376969299
0.0021035270329385855
0.0020985740679702767
0.002087889350267727
0.002078512542845551
0.0020738936642087777
0.00207055454875809
0.0020694331761825675
0.0020689982298276476
0.0020687192789629687
0.0020684525352874113
0.0020648088886998112
0.002064135490783308
0.0020576557483894076
0.0020501662182224813
0.0020408030650810476
0.0020369343841889122
0.002034729627680244
0.002032607799967679
0.0020272326683859585
0.0020247281846164237
0.0020202061973978295
0.002015650899254524
0.002005505345415692
0.0020045803792985246
0.0020044268303065636
0.002002465751138769
0.002002465751138769
0.0020010451617642564
0.001999697120536977
0.0019926112550992378
0.0019921500694900884
0.001979677303642302
0.001978451640408208
0.001972466451851708
0.0019661113504225018
0.0019639164109729705
0.0019626541414991534
0.0019576422563349206
0.0019449359258024812
0.0019424139537299729
0.0019397727800811303
0.0019392974638734817
0.0019346535875870245
0.0019284143017694758
0.0019232814401397235
0.001922324686749567
0.001916075157305553
0.0019041392914139646
0.0018977162524111983
0.001878047603198556
0.0018715765334114285
0.0018709359837604089
0.001869641054964192
0.0018663123786870804
0.001865145014837712
0.0018566886735111644
0.0018531225584073952
0.0018480605436650408
0.0018479294611841858
0.0018477085433055078
0.001842246225911233
0.0018420173353476128
0.0018355673960445866
0.001833801486939189
0.0018322254633932867
0.001831208307151481
0.0018278693360529376
0.0018261879123440778
0.0018249083104086052
0.0018197251102171743
0.001811349682118771
0.0018111554198300944
0.0018087569216509777
0.0017970035940159538
0.001796491057758034
0.001795506659620458
0.0017920493241740845
0.0017782139625821254
0.001776888254056483
0.0017705716511086003
0.0017682391243344464
0.0017676747221655382
0.0017519206079544226
0.0017501457987562582
0.0017497241495480161
0.0017443722684810994
0.0017406744468014832
0.0017376769637595165
0.0017277172376191086
0.0017153676938583187
0.0017149829596558367
0.0017121660691863634
0.0017061660578878604
0.001700005634386357
0.0016996421643586835
0.0016936235477149123
0.0016931903231849226
0.0016858920575320538
0.0016854477534540809
0.0016826664863692888
0.001680422186538366
0.0016800094744812651
0.0016719340410627714
0.001668079810147999
0.0016590311525382017
0.0016530920139397657
0.0016526799987349222
0.0016506885127121923
0.001649504815641517
0.0016432688270352348
0.0016419910287197358
0.0016369437193330771
0.0016337546854488325
0.0016319750590525494
0.001631529913130019
0.0016266715855822096
0.0016258851863694959
0.0016258546134590394
0.001624932788214788
0.0016227380801908282
0.001621208694059653
0.0016211881108930256
0.001601547428485609
0.0015989495269037798
0.0015948137605815496
0.0015831873984297894
0.001581868658235903
0.0015787867365536072
0.0015777230135987708
0.0015767898234727963
0.0015750942336325985
0.001568476459512756
0.0015663215760021666
0.0015661648155770205
0.0015605733828471244
0.0015549823156930534
0.0015506974740800588
0.0015500747188099677
0.0015462699212973733
0.0015367178361131047
0.001535992135333576
0.0015347009338704197
0.0015295061198633945
0.0015286554498741163
0.0015276552515774782
0.001524434418908592
0.0015242863973975557
0.0015175418002001092
0.0015164915883777138
0.0015161981308985967
0.0015122022879294978
0.001511325202594917
0.0015104868000624196
0.0015059671301847688
0.0015040524665314442
0.0015027789683060993
0.0015023359383783046
0.0015017466556177135
0.0014962389154112065
0.0014887742532078705
0.0014872666226394113
0.0014852150143697916
0.001483094776630607
0.0014813884016122306
0.0014795991700460398
0.0014785881039760009
0.001476931119291002
0.001476151249789221
0.001472809958467631
0.0014714644628997758
0.0014704944699990737
0.0014618167888407136
0.0014608496645642103
0.0014607068282065983
0.0014604776191869651
0.0014531357262370273
0.0014505923466316237
0.0014482534578569935
0.0014464026821198058
0.0014450581509957306
0.0014430824827732327
0.0014411509754053207
0.0014389801628980942
0.0014355605976641894
0.0014240569446459198
0.0014238977713688936
0.0014231319783347624
0.0014194702529080117
0.0014190374892247167
0.0014133389354299467
0.001410544080764862
0.0014093178536741342
0.0014064788029300066
0.0014050086104766062
0.0014024074734371704
0.001401114194153509
0.0013991754228338633
0.0013948946311679792
0.0013926807464517237
0.0013859032521820213
0.0013796069918850721
0.0013736779927766452
0.0013726513926281656
0.0013722369755965642
0.0013614609650939111
0.001360669744183992
0.0013584078039732073
0.0013573148527289195
0.0013539159934320211
0.0013461090027684674
0.0013458001249193623
0.0013409849805412868
0.0013364726652339916
0.0013344623458417687
0.0013262388619880736
0.001325488802640329
0.0013247052925692323
0.0013244406987206235
0.0013242900918632714
0.001321811155836725
0.001305681347944342
0.0013038473222093186
0.0013028660962157738
0.0013024892238199177
0.0012987209645365693
0.0012984514704570084
0.0012965768616471445
0.001296356869869351
0.0012941224344637883
0.001293693021800444
0.0012901321229347622
0.0012893072768545115
0.0012883140062816948
0.001287297854034022
0.0012871771949225968
0.0012829668840252375
0.0012817697983164907
0.0012778782265404937
0.0012769172171447764
0.0012754790889009983
0.0012689276545453363
0.001266980055431443
0.0012642167616611199
0.0012631605765927895
0.0012549604576254716
0.001250257726723023
0.0012501510784439828
0.001246410272060224
0.0012432258653672225
0.0012430854140941536
0.001223343457120068
0.0012213036775768748
0.001213602864864302
0.001212449862551678
0.0012106647311615649
0.001208540637221146
0.0012043955566669567
0.001194252822316905
0.0011831071709075395
0.0011775356958214807
0.001176503431751731
0.0011762758724532779
0.0011757506913003175
0.0011751177416228064
0.0011722580738938477
0.00117083955433487
0.0011691264176197902
0.0011586528481948887
0.0011506379606505137
0.0011489655238203667
0.0011459616451012806
0.0011407782947837751
0.0011135737727273848
0.0011109892241947025
0.001110056859119522
0.0011088378942866143
0.001107240176302102
0.0011061503787922673
0.0011056131993609692
0.001099235722867051
0.0010978358746553988
0.0010925845958324554
0.0010917325746503564
0.0010849617355848085
0.0010841276095813817
0.0010813912866629923
0.0010812883517871538
0.0010747812411836032
0.0010642800917756534
0.001062216730807727
0.0010616015218082534
0.0010572165802504258
0.001057004231807869
0.0010558090547498403
0.0010527865325349656
0.0010455186657369582
0.0010369106593657387
0.001019014469406282
0.0010178885995306031
0.0010155611659551334
0.0010147305991485308
0.0010102030386722918
0.0010014680781925843
0.0010001872740983773
0.0009944015891284806
0.0009919815088078802
0.0009869012835340347
0.0009819611164181073
0.0009748772975996665
0.000972090637710601
0.0009717333339265644
0.0009611603374851523
0.0009594389050482992
0.0009520200390008655
0.0009490130590744942
0.0009423568822499352
0.000936800694254572
0.0009344230323036582
0.0009333589026601579
0.0009314235480377474
0.0009279916174433012
0.0009259012739135632
0.0009254891050340748
0.000923580883459271
0.0009213094005223466
0.0009158775143790871
0.000914722212237186
0.000906252922651945
0.0008978074378555277
0.0008948542669610125
0.0008899028834926348
0.0008877405480050191
0.0008821000551854535
0.0008817885202993227
0.0008770771186226178
0.0008681213439010018
0.0008680842729531275
0.0008665841249571517
0.0008651777776567374
0.0008647558788678709
0.0008638473392767537
0.0008613370066303153
0.0008545178304220684
0.0008523837646290006
0.0008434482237224721
0.0008423824047825103
0.0008423105833813842
0.0008413740659448301
0.0008404817682715949
0.0008394762427613592
0.0008297749752379469
0.0008171600114695547
0.0008148977412565207
0.0008147721166794451
0.0008143260717086559
0.0008092344883480738
0.0008036087692399113
0.0008030013323602518
0.0007999148421488581
0.0007957292778846372
0.0007901195119864199
0.0007896113726965345
0.000788381087064033
0.000788012438112144
0.0007811623166380033
0.0007801768894727335
0.0007735674495770691
0.0007701238332142389
0.000769660369557999
0.0007678280361182368
0.0007649308600017359
0.0007625048587962416
0.0007496677958773897
0.0007450893211841651
0.0007377210929875903
0.000736187150281963
0.0007355225096459697
0.0007340951278029743
0.0007333928758822487
0.0007328777175693145
0.0007313642004728637
0.0007228790604128076
0.0007226243413589709
0.0007211008293771951
0.0007204916943952268
0.0007140978530639882
0.0007121251798571627
0.0007115701749292841
0.000708364697773758
0.0007041412331305549
0.000700813490774921
0.0006960535493045984
0.0006939941114683138
0.0006880033152645116
0.0006877683956831629
0.000685352446135364
0.0006812785164763933
0.0006795020057636454
0.0006783773228497159
0.0006763305638744584
0.0006760373372942425
0.000674558208746937
0.0006718020642013021
0.0006663077459480125
0.000664304545114952
0.000663928651863311
0.0006600098416872414
0.0006565322561556462
0.0006525776195810775
0.0006500083471600036
0.0006474051452109563
0.0006454724334212234
0.0006437222947388453
0.0006430794181881017
0.0006363464159813069
0.0006361243767738007
0.0006339308890908584
0.0006333951057228481
0.0006321352230201287
0.000631328906963904
0.0006285629918178215
0.0006278415998084578
0.0006276299663904624
0.0006267766795896877
0.000624665240737204
0.0006224916388620958
0.0006223143577330289
0.0006199624261773702
0.0006186425850491684
0.0006179170442381188
0.0006147478704324975
0.000614078302779691
0.000613043601903975
0.0006127826125073297
0.00061081586671763
0.0006064739759524838
0.0006029287069982477
0.0005966178395515318
0.0005963816305837702
0.000595784297053066
0.0005912655082254208
0.000590274182941545
0.0005832828479365034
0.0005820546359800794
0.0005791582845153999
0.000575281111029224
0.0005744600915216096
0.0005740576190655447
0.000569373404904535
0.0005687160741677079
0.0005686460647136157
0.000567866012654173
0.0005677306258234309
0.0005674929018986471
0.0005667011036414112
0.0005661721996819694
0.0005652081400611177
0.0005633534184589064
0.0005628606705524643
0.0005605645819131058
0.0005605260191573465
0.0005595764798978718
0.0005579267765930433
0.0005570953482276217
0.0005562599371443907
0.0005558812813458623
0.0005524135164245352
0.0005473495616538987
0.0005471146794214374
0.0005462245574194289
0.0005446583305100017
0.0005444825365348743
0.0005442431891275173
0.000535455045236466
0.0005340408298379572
0.0005327850311620895
0.0005320729700248145
0.0005308214759158933
0.000530636790200685
0.0005298094402495666
0.0005296244430703935
0.0005281413973861769
0.0005280154098986988
0.0005258039758776836
0.0005244649767030499
0.0005241171899428424
0.0005240291085115353
0.0005219761497772618
0.0005218886163857827
0.0005214890586376957
0.000517496058352095
0.0005158869988896235
0.0005154875678619076
0.0005154707903830759
0.0005139951508190597
0.0005134296532951381
0.0005131348747192891
0.0005110176060874799
0.0005066323176605025
0.000505967751702411
0.0005050111316191752
0.0005038669256006757
0.0005013364835442149
0.0004995961937419157
0.0004966417396628796
0.0004943347346977937
0.0004916210677588439
0.0004903277871850955
0.0004900024712008522
0.0004898898575799171
0.00048763041740098294
0.00048689289058955984
0.0004867775921190937
0.0004865864275256593
0.00048444736890079115
0.00048421801637729076
0.00048388890096169845
0.00048356844684308996
0.00048344368087463907
0.00048186793989340624
0.0004810953983313968
0.0004769223187525327
0.0004764575820514566
0.00047635372914531834
0.0004762153373830542
0.00047533630917602975
0.0004714721931426367
0.0004697720532980849
0.0004696031996428217
0.00046661955140372686
0.00046478102309619644
0.0004631070746169437
0.00046307831669007695
0.00046304921090306285
0.00046133009122568925
0.0004603137045233114
0.0004594302157793806
0.00045811704888387803
0.00045791384345128115
0.00045779631396607206
0.0004526210997410011
0.00045229191958440245
0.00045220921278469006
0.0004519173782688041
0.00045043706584899096
0.0004502429325678515
0.0004486055518477893
0.00044646049597630265
0.0004462307009762728
0.0004458363014256033
0.0004435888578956575
0.00044156270647296633
0.0004390704425208267
0.0004350291982517836
0.0004349924019178876
0.00043399033167209667
0.00043388981026030505
0.00043365048199903633
0.0004321677592924067
0.00043070595955880663
0.0004302498803610542
0.00043010504918135004
0.000428120375490208
0.00042810500910111485
0.0004279478947245729
0.00042664973911885534
0.00042618488021230807
0.0004247545674488666
0.00042470990574362935
0.0004245756673379671
0.0004236562663771617
0.0004231959523703898
0.0004216571591119197
0.0004209491573055574
0.00041854708998004725
0.0004178026604200858
0.00041487072073393094
0.00041441588363253466
0.0004140222217230483
0.0004097300446877227
0.00040911527564845723
0.0004080088793785064
0.0004079158896570531
0.0004077220207470301
0.0004067337871782983
0.00040558591275916044
0.00040483064915739284
0.00040403339120493144
0.0004032695467130306
0.0004021691840575554
0.0004020245558430339
0.0004016543195712814
0.00040003442874621834
0.00039894151182272677
0.00039825889655794233
0.0003974121757234526
0.0003973715825046694
0.0003911605034256021
0.0003894848636112253
0.00038895689396306745
0.0003861592349163873
0.0003854481460077512
0.00038529778996218415
0.0003851207203432143
0.0003841314928122462
0.00038315505310370713
0.00038265556043880536
0.00038161862340147835
0.00038157284318241316
0.0003806462888690485
0.0003799068492335013
0.0003784446129676515
0.00037838766028457007
0.0003774278481329575
0.00037633744049681125
0.00037596388969615723
0.0003747530973484502
0.00037462891059079125
0.0003735117069137441
0.0003732088659812753
0.00037124564681007195
0.0003699027284788426
0.0003686551390826411
0.0003657437652954679
0.00036475620549867064
0.0003645915512520016
0.0003641974942592629
0.0003629839205231079
0.00036178576444400906
0.0003595778506150813
0.0003586969123535966
0.0003578224124434096
0.0003566669766524561
0.0003554546996890333
0.0003532078676443119
0.00035197657930588976
0.00035130685260370195
0.00035110708527808334
0.00035094169079444423
0.0003501849598135988
0.00035010551163362655
0.00034873624891663675
0.00034729422221914136
0.0003458028867327894
0.0003456712551188959
0.0003424685546127434
0.0003421751813193091
0.00034107889616325605
0.00034105786639384113
0.00034024962364463316
0.0003400486148516632
0.00033907870712219785
0.0003376889264195192
0.00033663024712673236
0.0003364358685945801
0.00033639316267836117
0.000336244820928794
0.0003358858878497325
0.00033498147060904613
0.00033487624921046033
0.00033445067460394684
0.00033395508414561066
0.00033208548666504466
0.0003319843076948364
0.000331203933741936
0.0003306459947649146
0.0003291422669495044
0.0003278702099652616
0.00032770618255928234
0.00032698587260219586
0.00032628430831057524
0.00032613418715925636
0.0003258255892824079
0.0003253465715581128
0.0003248487562593443
0.0003246388166737099
0.00032457762163073765
0.00032398317966313476
0.0003234619676034297
0.00032155611490515226
0.0003208710401751373
0.0003208070960671437
0.00032056127931236417
0.00031987971362369976
0.0003197483699844164
0.00031935784837577733
0.00031933788351386536
0.000319115697127643
0.0003190880497929872
0.0003187278184002771
0.0003184867432967471
0.0003182756162505769
0.0003182585954515821
0.0003178923013291442
0.0003178923013291442
0.0003178923013291442
0.00031719436402651057
0.00031719436402651057
0.00031676736254862743
0.0003163734570197389
0.0003161243706174359
0.00031597639505784764
0.0003153518693072431
0.0003148404309551837
0.00031449947682528085
0.0003136943786251684
0.00031322586387915336
0.00031022214150712023
0.00030916350590128245
0.0003081065806993365
0.000307699705170734
0.0003069274656727503
0.00030678032686359293
0.0003060493154533139
0.00030546366494220184
0.00029690445236387484
0.00029615049073639186
0.00029428468630347875
0.00029408877398812264
0.0002934845758616465
0.0002916838481675821
0.0002916838481675821
0.0002860726414396199
0.0002832142996179885
0.00028244736263630555
0.0002819401525903189
0.00027903822101165755
0.000278957032837826
0.00027847275879965233
0.0002781233217503665
0.00027394952008596215
0.00026352753981892963
0.00026336754664861773
0.0002632647194184899
0.00025991538454571964
0.00025969375176228683
0.00025609006670489
0.0002557272505060461
0.00025524844834497325
0.00025457521871107805
0.00025030568921548214
0.00024603793529007304
0.00024434068437459487
0.00024416416090176837
0.00024245859656541087
0.00024013366319378885
0.0002389184487084322
0.00023701360286751194
0.00023624286683926753
0.00023624286683926753
0.00023463685494949296
0.00023392994080227025
0.00023333860122614855
0.00023272012011480597
0.00023233954827341546
0.00023233954827341546
0.00023233954827341546
0.00023233954827341546
0.0002311243337880588
0.00021441163126318546
