0.10590526782051456
0.09352275846303844
0.09195524911913562
0.07822620131859433
0.06384164659298243
0.04901017916075958
0.04405687896199115
0.04342891098391761
0.030042030745277566
0.025565796997885602
0.025335001311881197
0.024407835099455988
0.02262581289840306
0.01998575865575393
0.01958070947963991
0.01873034595336086
0.01747082863302821
0.015353524565316468
0.01511527468471111
0.015080959640581216
0.014598062374159363
0.01446211766979961
0.013071409421464415
0.01259353064383918
0.0112355372247584
0.009778525574309523
0.009586204482754315
0.009296178553596126
0.008465874169840787
0.008132209206197607
0.007982023150024237
0.007792689038751741
0.007008110026507276
0.006919282025943384
0.005968687774334998
0.005807767383547886
0.005779138133476638
0.005442595666078046
0.005187867139494784
0.005161291675040249
0.004581523705052027
0.004265804921625652
0.004239175023675375
0.004159604223216638
0.003966957752148122
0.003945961175767761
0.0038760152792918275
0.003858337942341956
0.0038192474788862852
0.0036335876441203545
0.003610624380526424
0.0034760450018641548
0.0034215332497563016
0.003389788735776985
0.00284356276698581
0.0026570316902343634
0.0026379592050831445
0.002511611634151715
0.002485404644614491
0.002477745505164242
0.0024124247671737245
0.0023576357875124848
0.002292427144350765
0.002218948637342819
0.002194292861265639
0.002177644311675534
0.002059105660367524
0.002042531775120219
0.0020054691701629464
0.0019282061895911015
0.0018936229008667117
0.0018809190852794398
0.001847797677475272
0.0018037284495941448
0.001800362281500198
0.0017579631600193014
0.0017006185370013168
0.0016975129454510065
0.0016902086651153017
0.0016635714871038093
0.0016341964555390358
0.0016160036944576545
0.0015785532193956472
0.0015735097134107537
0.0015389455520167434
0.001531526282962714
0.0015071926699611407
0.00148635967114544
0.0014814956560458626
0.0014669515542588126
0.0014612916744645215
0.0014406398226727221
0.0013768713735519216
0.0013585426701389475
0.0013569753237742846
0.0013561736225419245
0.001315530693579019
0.0013053199723142886
0.001288472206729468
0.0012625290199248542
0.001246259982068246
0.0012387347448608202
0.0012296765929490452
0.0012281907816566369
0.0011718623332207618
0.0011701497290705395
0.0011469336181164926
0.0010696464274211012
0.0009568965834861611
0.0009553198607261521
0.0009408238689731416
0.0009181495830750017
0.0009080338150646323
0.0008870648566393319
0.0008680728403663521
0.0008571846302330278
0.0008519477567439811
0.0008458479255449053
0.0008178959797763934
0.0008045999819288106
0.0007881168037324275
0.000756781606188541
0.0007309003712412999
0.0006587216155280261
0.0006254247393946541
0.000623613405750718
0.0006136783342217515
0.000605790003804561
0.0005974014797334637
0.0005951770499653615
0.000575373699104699
0.0005566079713935434
0.0005331697889383767
0.0005088186345543028
0.000497837895140712
0.0004956567828199483
0.0004924709517872563
0.0004646403978262063
0.0004478238060524544
0.00043747670666782865
0.0004111826268951644
0.00035830252121924513
0.0003537242875970799
0.00034517549642073967
0.0003414618205517326
0.0003362342583324826
0.0003144434829707134
0.0003117595940302043
0.00030626043720555695
0.00030608809493387726
0.00030393542356971654
0.0003038698387100329
0.0003022852720464863
0.0002791621738023306
0.0002772790658496665
0.00027574472148609967
0.00026450245400859337
0.00026450245400859337
0.0002570735691446651
0.00025013026882908
0.00024946926690601584
0.0002467029591577106
0.00024273018270151708
0.00023978071804794292
0.00023817752494038528
0.00023701360286751194
0.00023535616704993068
0.00023247049831597423
0.00023247049831597423
0.00023233954827341546
0.00023233954827341546
0.00023233954827341546
0.0002311243337880588
