0.5759039256807188
0.38712012907960874
0.3541617565323907
0.3290983042940771
0.31925365138253703
0.31892458784922895
0.3021569724406729
0.2937289983940885
0.2914064068204144
0.28710123216804145
0.28626044787321736
0.2849792131202381
0.25376686119304104
0.24819010751621928
0.2324552869242843
0.23022421943385385
0.22855702301057362
0.21798065609794534
0.2138020072276299
0.20300010044114825
0.17764951203277476
0.17023246006068155
0.1609072296814059
0.15909831705840208
0.1508539771515047
0.148011394254782
0.14523963379515473
0.1274379766396143
0.12587436484165623
0.12016881605552124
0.11517069702324959
0.11412527719145898
0.11064617624614398
0.1060503111325553
0.10254315838808231
0.10152647794680464
0.10064149095106399
0.10036076464981694
0.09915894975078823
0.09738073554276004
0.09630725913184786
0.0949405830730913
0.09451420777954807
0.09411654342415529
0.08340505900505471
0.08314217789842035
0.0817760427273081
0.0817188141505159
0.08131163797106548
0.08116843632073695
0.08016679578105715
0.07678569143619438
0.0763193034845992
0.0734163426286395
0.07340545682264434
0.0730945262181674
0.0727200185021951
0.07239857094665027
0.07165574792078729
0.07060240013471057
0.06969662879055627
0.06603908384417628
0.06485876406947741
0.06377012302212372
0.06369127155246404
0.062047926928522866
0.06038849342194359
0.05859220479938053
0.05775344775138991
0.057706878161244334
0.05738463463726604
0.05586511623419948
0.05508649613678099
0.05440479333448866
0.054234797131554914
0.053229967897630966
0.04951508581045385
0.04626513041446615
0.045122055733229305
0.042965578015546554
0.042073709954876186
0.04156457875734946
0.04149809135940234
0.04093541997188663
0.04088935601447109
0.04044632647556624
0.04008147226293053
0.039688732697717416
0.039431025731258354
0.037125161125230496
0.036429375496766475
0.03633652962539297
0.03557135705310673
0.03516480591963809
0.035009519054662104
0.03494762346735193
0.03371091642531301
0.033523714097199786
0.03310848944586628
0.03282490188222395
0.03276252575571119
0.0326172236412472
0.032360615412247225
0.03235544206252913
0.03209888229912131
0.03182212062694824
0.0317187368829231
0.03126695220788184
0.030777953633465988
0.03023689095450942
0.02931683517491551
0.02902763724520623
0.028555617282712692
0.027794911257438326
0.02764222429221095
0.027268982784710145
0.02664702134188928
0.026362940105463466
0.025363995201336358
0.02509749276006023
0.02337826706277957
0.02335182025339596
0.022670023690558788
0.021910933877871262
0.021629669353569192
0.021143765015790045
0.021111009843766793
0.021098800750939208
0.02076184555857554
0.020324725119328205
0.020001396014027072
0.01994492161222917
0.019871939314838445
0.019803002937129527
0.019762968913442112
0.019226105550372123
0.019105272488273404
0.01904337917404204
0.01896316655413518
0.018417301931664305
0.018359836720719676
0.018341914015043925
0.018216199285810888
0.017999102495977037
0.017938019676869886
0.01780950482964959
0.017423038273986124
0.017086321911527348
0.017074843752716725
0.016940719881708567
0.01683310581563765
0.01652224225665396
0.016313676367141008
0.016294666435407522
0.01625427292496122
0.016101441655933205
0.016036027048656875
0.015953665425756103
0.015869580518422043
0.015669664867680868
0.015663837793179168
0.015486592397061953
0.015412371358165122
0.015396424046004572
0.01530676781321954
0.015303348504877846
0.015288226976227387
0.015127006664213566
0.015068571555416502
0.014985456951264641
0.014966330216200504
0.014875459400110352
0.014599227218856802
0.014515019427341222
0.014389882014433647
0.014289296599203957
0.01424565093142803
0.01407312723913217
0.014037990690647983
0.013923940555111234
0.01387431312763175
0.013663139689546095
0.013646826973885452
0.013553979641967856
0.013409612848869911
0.013228271252281694
0.013071861983162207
0.013051283589163638
0.01303035834751745
0.013015085295951292
0.012886437020825887
0.012847465991628436
0.012805038048343292
0.01274548240541781
0.01271412381225836
0.012669919560758764
0.01263422876812599
0.012593277050255022
0.012560946345074275
0.012314195753570286
0.012263510219522438
0.01219208893349439
0.012074220535588414
0.011965099350062933
0.011964992687956472
0.01189044803611498
0.011645583310375988
0.011638473490060855
0.011637800651433316
0.011527742722020045
0.01130961252675827
0.011254962394227262
0.011247796982672649
0.011216106429274097
0.01120199045804268
0.011154917278106014
0.0109878038702758
0.01096372990011503
0.010894701839318236
0.010575017886159084
0.010524837473017195
0.01037203085447894
0.010350497854924633
0.010337032092318338
0.010197838738213168
0.010021261572880144
0.009984012917058534
0.009951366188379059
0.009931595451027134
0.009915254116350077
0.009758712952399563
0.009622213628028212
0.009595850035641684
0.00951439063775072
0.009435507523096237
0.009233355573737228
0.0090685543234518
0.009036294386586789
0.009028065425157102
0.008974963827194874
0.008914568637903056
0.008871123717478266
0.008870908463284932
0.008804441924863057
0.008774515954401003
0.008773932812386118
0.008771106789484399
0.008750341030665904
0.008743396870606237
0.008735119850897893
0.008700047120545416
0.008653438504042859
0.008566690960106628
0.008423852728068518
0.008351127540747107
0.008349634899576571
0.00831333765633574
0.008273279459866108
0.008258678678951917
0.008123462682425486
0.008056589836800125
0.008012326909082726
0.00795825340708256
0.007929397847464121
0.007834357651710257
0.007813475169972058
0.007800138187388665
0.007775849609065009
0.007771158122072267
0.0076587290249395595
0.007599292348717988
0.0075812245122930146
0.007567565487737003
0.00744782728346457
0.007435753497832357
0.007274047805509275
0.007268207073161562
0.0072468189640453005
0.007080999710023904
0.0070569696739088
0.007008949069374581
0.006962615556091819
0.006940882308008942
0.006939344431779931
0.006931084162729909
0.006876721173175694
0.0068289871969701346
0.006828222946301826
0.006817759405102084
0.006817519223577086
0.006790165571900829
0.0067795689140529684
0.006779263882221811
0.006676637797607004
0.006667888346045312
0.006637764710022414
0.0066107694770743295
0.006607975240957611
0.0065937577843458595
0.006494619743290782
0.006488077361369565
0.006484251763963853
0.0064512806080176295
0.006449973346174994
0.006375452088807835
0.0062924671731011605
0.006286303721912268
0.006184878995456262
0.0061804257220583305
0.006170168411393003
0.006131468965314137
0.0061022716315963805
0.006070342239336709
0.006038510764616574
0.006017959607092787
0.006002430076613765
0.005961215762955776
0.005953575510645426
0.0059230472734787916
0.005916693960958577
0.005868900852740321
0.005857671540656503
0.00585540987443608
0.00581896894626194
0.005815440399488487
0.005777788997560335
0.005737831087111364
0.005708159183533785
0.005701077689096096
0.005688123297863838
0.005647163907968001
0.005612067385223739
0.005610378480867534
0.005595014921398756
0.005589755709303413
0.005567503927807069
0.005535316587248052
0.0055082964147087805
0.005491075986592436
0.005393031475348741
0.005380320626631374
0.005364590414686756
0.005356341816322925
0.005319068206172985
0.005310451737107859
0.005290645830864693
0.005215735351398257
0.005211474601089604
0.00520804620552544
0.0052048006571715506
0.0051712806936582536
0.005162988668528247
0.005146750485968264
0.005144274332404178
0.005128093078272553
0.005104383527275673
0.005084455154408765
0.005077677634816248
0.005040190590103992
0.005012829457521339
0.004996496271592405
0.004991949354408335
0.004954917455486578
0.004949377651292325
0.004910005803360436
0.004889795014433437
0.0048867745234104755
0.0048646300375997905
0.004860270940129009
0.004825900692126945
0.004801196233559494
0.004777840900727221
0.004776948178360792
0.004774978998245836
0.004698356877379267
0.004690827581045839
0.004676497281189127
0.0046764904543681145
0.004668860580080521
0.004651634456809849
0.004608542593263386
0.004585698631917594
0.004558221250179542
0.004556030604360979
0.004552140623012726
0.004524597742316876
0.004502495798792949
0.004477053290896527
0.004466134277039771
0.004454585781854764
0.004450745963152053
0.004400699875027082
0.004384187621272736
0.0043793954870036435
0.004377291933643407
0.004362830119487071
0.004334753836871761
0.004324183191014276
0.0043047033132367135
0.004290245078296702
0.004279596286273286
0.004273831409305345
0.0042386397300203365
0.00420590324570098
0.004185602195286163
0.004183859668450641
0.004163206277929555
0.004163121029268629
0.004155156445665218
0.004153445450299099
0.0041531547771292586
0.004151245481148686
0.0041224460850986635
0.004112193732122347
0.004089168513544874
0.004080449977032939
0.004065473628727407
0.00405532400212726
0.004033844892714654
0.00403183979978699
0.00402160309428445
0.003986297554165604
0.00396848371900969
0.003966852947421072
0.00395985987163952
0.00393024190197118
0.003919191443305865
0.0039048093515144113
0.003904808391970082
0.0039047638798409604
0.00390207677106689
0.003861686610207003
0.003860353028556541
0.0038398491665389252
0.0038220265710669473
0.0038109287213203406
0.0037739989583048168
0.0037673179719148985
0.0037656197666292458
0.0037483010913059345
0.003715975981674454
0.0037061626104296606
0.003690285398282531
0.0036859448100982914
0.0036788944393393998
0.0036737619119883553
0.003669202549662144
0.0036509323453839033
0.003643913396702876
0.0036333035293660224
0.0036245340304877243
0.003606380585725455
0.0036010199019882055
0.003585978157171262
0.003554754300871236
0.0035463819731107985
0.0035325239548813937
0.0034888969354614757
0.0034831252928731616
0.0034814245425741725
0.003479778918339729
0.0034791819041015766
0.003477150254198715
0.0034398819524146884
0.003425915667390719
0.00341557860051609
0.0034106098804198917
0.0034058696741500476
0.0033808857301728403
0.0033580832815670435
0.003353283002145655
0.003339126916212012
0.0033130438116908073
0.003308739381769935
0.0033056228920600233
0.0032748689273315113
0.0032663091411635906
0.003244529364484095
0.0032033004631992863
0.003202306984394876
0.003195002224791174
0.0031944593114199937
0.0031899414848720344
0.0031631428989150417
0.003150716166806159
0.0031303591705062438
0.00312396452515152
0.0031162526931815294
0.0031110425232950528
0.003106792240693573
0.0030966871179502558
0.0030936985318097835
0.003088098092362116
0.0030845814037127137
0.0030694622911973026
0.0030679661478897374
0.003065942498296712
0.003048786265376927
0.0030390758138296513
0.0030377554770869494
0.0030169605368616406
0.0030169605368616406
0.003016169573695596
0.0030080858207209545
0.002973489139690574
0.0029681517993414086
0.0029447585601385835
0.00294397095301701
0.00292299288313672
0.002907524425490281
0.0028926021422594835
0.002889838953673766
0.0028823487155558267
0.0028705541054638885
0.0028522888566640944
0.002845135392673377
0.002844597631344006
0.0028406837843630286
0.002838529504333839
0.002824286065731282
0.0028184754713772853
0.0028093130499919207
0.0028091834362256405
0.0028062781913144133
0.0028037090751971824
0.002801119042700769
0.0027964951452149984
0.0027947956927404137
0.002773832353348461
0.0027706676699075622
0.002741057362071836
0.0027404062556311286
0.0027285983497652598
0.0027206599949307223
0.002718139649890944
0.002716163457002233
0.0027132642271389907
0.0027129658024472223
0.002702336946889372
0.002695470048434906
0.002689251387386337
0.002682293023067819
0.002675759530482859
0.0026705710915652546
0.0026595246972597616
0.002657133182700328
0.0026537403700181237
0.0026534246239621013
0.0026497619750006983
0.00264190352437088
0.002612016616714536
0.0026107908585576963
0.0026101353060098047
0.0026085428864513057
0.002598491856834197
0.002597159405979974
0.0025960504884167063
0.0025939375824387285
0.002592946426663004
0.002583910966957783
0.002569747261721853
0.0025686884331020225
0.002566442298153941
0.002550187460061544
0.0025440527369605405
0.0025427037537324223
0.0025345175260051193
0.0025237365999491728
0.00252067269937355
0.0025071350233944432
0.002494731035099934
0.0024938378289921107
0.0024913677453458666
0.002486821614921766
0.0024653385110332358
0.002456702750685971
0.0024459318178185786
0.0024421125659761307
0.0024396926354006247
0.0024316701120085096
0.002421585866260738
0.0024165612212181187
0.0024127023963055917
0.0024100741759177898
0.002402929909220877
0.002396563637171062
0.0023935505435135457
0.0023933870788432074
0.0023774016608809024
0.002372035208828626
0.0023699138716905812
0.0023686206259924064
0.0023674861728698706
0.002356675493022975
0.002354641846753687
0.0023440840658064043
0.002341872198334923
0.002338804563722169
0.002324559049712133
0.0023154646224831767
0.002312860241028108
0.0023106906230958386
0.0023071622858657458
0.00230416177570784
0.002295749363606102
0.0022791861682372456
0.0022522820702074314
0.002245467331401364
0.00223093670263778
0.0022236529826948686
0.0022139781004952017
0.0022043843193980217
0.002196543575268549
0.0021952066887917193
0.0021930337117186506
0.0021896005581889914
0.002174535043648483
0.0021706763600123032
0.0021639881801072598
0.0021556070359744226
0.0021525554095594467
0.002146917057349238
0.0021346098339593907
0.0021036752930753268
0.0020939699007819475
0.002093415716970263
0.0020898266163746422
0.0020882746631524377
0.0020720972154605736
0.0020602158663944516
0.002055088116804207
0.0020532440105695713
0.002053130535676209
0.002046692607191472
0.0020421427667531447
0.002011372764930165
0.0020031891011306154
0.0020005053131763526
0.0019990980916075127
0.0019939582065915526
0.001988607742426305
0.0019838036716031218
0.001970798181505039
0.001955969266587869
0.0019533137994305655
0.0019530122270648529
0.0019503450193443927
0.0019393909833139529
0.0019356024826176332
0.001918138220279527
0.0019089652893768245
0.0019045518318404212
0.0019042873853144806
0.0019042609168618558
0.0018969789951052173
0.0018947214740001825
0.0018934816235500421
0.0018916183717878994
0.001889655902801123
0.0018823569679850011
0.0018781469008802988
0.0018718211676798605
0.001869902572036794
0.0018614012240526726
0.001860658058252854
0.0018606536809910403
0.0018595134172286459
0.001856006442136188
0.0018554329696954214
0.0018318371431794646
0.0018302156357933533
0.0018298297881329433
0.0018256878302607342
0.0018237081116587214
0.001817878379217239
0.001811953111117806
0.0018111476870153384
0.0018082742209505891
0.0018068200101738333
0.0018067348201405188
0.0018054037070370631
0.0018016426623889584
0.0018004545312092324
0.0017951216453087648
0.0017893410080219946
0.0017809423703305943
0.0017798591758490198
0.0017796505679680851
0.001767161039610535
0.001766507921106826
0.0017631388523392437
0.0017542846542620938
0.0017479263206023005
0.001733275633315416
0.0017261096833718675
0.0017258768538590482
0.0017160945744329296
0.0017139636274877096
0.0017110942473931702
0.001701122846050567
0.0016942750488102873
0.0016933895568263554
0.0016926743003196731
0.0016887240051827338
0.0016886568135915103
0.0016880612724162716
0.0016840074778787005
0.0016794326164267207
0.0016751236134613335
0.0016737784635046764
0.0016568565529927921
0.0016567290812320354
0.0016564629164771865
0.0016515464458060555
0.0016493893089466359
0.001649130206033828
0.001648740921235868
0.0016485904422830064
0.0016483171681724112
0.0016435546842803392
0.0016359031591959138
0.0016341964555390358
0.0016332419517167457
0.0016332107554017155
0.0016327621204380131
0.0016319974331551476
0.0016197048315413616
0.0016139349739790398
0.0016137471525000233
0.0016118377504753603
0.0016046122291741788
0.0016031583601469833
0.0016008409713760634
0.001600107897397486
0.001596893267206376
0.0015939419810952228
0.001592596176355411
0.0015916746562758405
0.0015889208231922264
0.0015866813704928312
0.0015793280263853302
0.0015792919636162177
0.0015770592435719894
0.0015754540671261447
0.001569299035361315
0.001566539921749465
0.0015659210627569525
0.0015624743002184446
0.0015588132002812608
0.001550968708017857
0.0015502442393979577
0.0015479272516357718
0.0015471442879952725
0.0015455435062867993
0.0015448620361583614
0.0015388985977056865
0.0015384964173244253
0.0015377047458813588
0.00153364033692997
0.0015332662483343279
0.0015310480638616526
0.001527658987957892
0.001525510115604617
0.001525406213157969
0.0015221464064026395
0.001515011684095827
0.0015145044783381285
0.0015075233284298677
0.0015044933027117445
0.001500426804899168
0.0014979669516124658
0.0014943369203493182
0.0014890306774018338
0.0014868788437547758
0.001486519593246522
0.001486476215039513
0.0014834077843217238
0.0014765896952131236
0.0014712933888991412
0.0014711141871383581
0.001468210548618926
0.001465915403811383
0.0014646596733755074
0.0014644451261967288
0.001460741781036654
0.0014570677504416626
0.001445872486661519
0.0014457796583656971
0.0014440597261853013
0.001442106297393551
0.0014352891408020358
0.0014283893896695037
0.0014267410290236884
0.0014261806226460428
0.001423433121940051
0.0014215744085178314
0.0014211563921365238
0.001419054799542424
0.001414424670481898
0.001409491249565944
0.0014091915579642804
0.0014088114981062189
0.0013967051983366323
0.0013958523945133568
0.0013951136703313145
0.0013947708788343179
0.001393649504743122
0.0013926866633960549
0.0013918159685319684
0.0013890874499599606
0.001378174993566664
0.0013774188854621338
0.0013730933956581654
0.0013697249649000016
0.0013665462302668518
0.0013658564541580544
0.0013554331063105412
0.0013506609689973993
0.0013499481220207617
0.001346587965046306
0.0013465361173263142
0.0013443766519441725
0.0013404590610334487
0.001338548500018739
0.0013375236039518505
0.0013332958512987875
0.0013330439938216432
0.0013271975965233615
0.001327067703955124
0.0013261638847135576
0.0013154866850764934
0.0013138740131932048
0.0013122459267905086
0.0013090535218949026
0.0013060991769731644
0.0013048123973424253
0.0013038381541901573
0.0013036285207010632
0.0013024760315464208
0.0013001541023584264
0.0012955230445088467
0.0012951206002059508
0.0012944091905989575
0.0012933515050655808
0.0012933102526301915
0.0012877696586798277
0.0012872585712105679
0.0012868082454989794
0.0012862508376820484
0.0012738791154867082
0.0012729958559962494
0.0012720275441628136
0.00127157952774085
0.0012649077019610128
0.0012524438214748337
0.0012502209417901916
0.0012495937323396555
0.0012475346711349972
0.0012448773113895115
0.0012445397966639156
0.0012421919111670877
0.00123795922310548
0.0012354715245065436
0.0012334757990475668
0.0012302702963817185
0.0012254588931549944
0.0012250237494837658
0.0012220962995074575
0.001219858368612398
0.0012173157288674799
0.0012165371997839118
0.0012130987521603942
0.0012120908671293977
0.0012095969055163553
0.0012089929914550004
0.001208504003241138
0.0012010116099633616
0.0012009927164310593
0.00119996754913588
0.0011952218384856138
0.0011949298247877402
0.0011877922710317955
0.0011851015847737852
0.0011824656472241154
0.0011779865881227736
0.0011767130231419443
0.0011754611259204245
0.0011726632595382884
0.0011725557951851422
0.0011536072815577173
0.0011475463418467193
0.001143016540938361
0.0011404903332373666
0.0011397257261783452
0.0011392941538792562
0.0011391857058519032
0.0011339389473410287
0.0011312818776278832
0.0011293840601946377
0.0011257453113943433
0.0011227147895592647
0.0011220381284817015
0.001121343557127507
0.001121093838981909
0.0011180219567696816
0.0011087050631154883
0.0011056131993609692
0.0011039267233398484
0.0011015245586232642
0.0010991625034049368
0.001092681945823857
0.0010915186197611132
0.0010910780425134401
0.0010895709360199597
0.0010847296285227779
0.001083966595499771
0.00107930682497619
0.0010767206967649693
0.0010716098586335686
0.001070313583631179
0.001068137097907716
0.0010680178211570535
0.0010574471328096665
0.0010549748617018104
0.0010525037158662061
0.0010514344719293404
0.0010430104461390515
0.001041890066237102
0.001039397292209167
0.0010327661765281455
0.0010255611845987806
0.0010243872326734487
0.0010209601711979736
0.0010084380683983353
0.0010044891642928574
0.000999120238349201
0.000998001505102146
0.0009970310226521026
0.0009965307060240604
0.0009919748487965305
0.000988758748740312
0.0009876455553523805
0.0009783285114067404
0.000977712510280234
0.0009733693438484554
0.0009696651041507579
0.0009683613277198826
0.0009621175885042525
0.0009594706886824723
0.0009570896915774891
0.000953223447719375
0.0009531526476051957
0.0009481106276323268
0.0009461911548705812
0.0009447992550407815
0.0009438732082355768
0.000939643733000573
0.0009348487926651027
0.0009347742607158992
0.0009339444410409185
0.0009339388362620464
0.0009336444850841257
0.0009318894215463972
0.0009277266835887321
0.0009251060587980604
0.0009250669215608383
0.0009233842832387705
0.0009139192734798591
0.0009108537120916425
0.0009055043411953809
0.0009041543867605457
0.0009040191634351324
0.0009018118767083306
0.0008929699493388287
0.0008922297378523172
0.0008912649824744704
0.0008903389016235903
0.0008881433544956092
0.000887877888089451
0.0008838393613419262
0.0008831030843764829
0.0008829724760521943
0.0008814848315197303
0.0008811889785197757
0.0008767540647286493
0.0008761947522737016
0.0008752905509478023
0.0008749715859574028
0.0008732528896636515
0.0008677709122635411
0.000866832475568572
0.0008596992656814325
0.000857054228566819
0.0008496966132978065
0.0008482524162261274
0.000847445022025052
0.0008459983478762893
0.0008448038294863439
0.0008423824047825103
0.000840387689511135
0.0008379574223538426
0.000834816744539877
0.0008329874963114699
0.0008328934456754101
0.0008309142344021481
0.0008261242844939789
0.0008244520658212882
0.000823244166985859
0.0008144073955695609
0.0008134269360186378
0.0008107706195012799
0.0008097394659193334
0.0008050296703717981
0.000804930535932312
0.0008023290601079572
0.0007927479519920409
0.000790980337701819
0.0007896662752052981
0.0007894501592661095
0.0007882968345351117
0.0007879401197424095
0.000786663785943352
0.0007854999518654423
0.0007851255445965623
0.000785032990388579
0.000782327060133774
0.0007791857754863257
0.0007758491021607393
0.0007745145277042946
0.0007742409857937876
0.0007736685497236005
0.0007708594135478428
0.0007649879955376147
0.0007591395738567488
0.0007557688353382184
0.0007509562318747932
0.000750628759035274
0.0007439922684391643
0.0007417611134195891
0.0007386522940989101
0.0007302023319835469
0.0007284343884661868
0.0007278807206983075
0.0007229237877207562
0.0007226175532434511
0.0007168779533705458
0.0007101908238184884
0.0007087818564794922
0.0007074701832749064
0.0007000232312187689
0.0006968397423361952
0.0006955473007047205
0.0006939248888809602
0.0006900048906949526
0.000680415163852158
0.0006801474477996696
0.0006790833410735753
0.0006787489529402142
0.0006763305638744584
0.0006724688062257205
0.0006721459188882669
0.0006671982780255033
0.0006625752251708636
0.0006613309451984281
0.0006612400479214892
0.0006599194065125484
0.0006537542799169905
0.0006436299620289352
0.0006418997555382306
0.0006417407326030019
0.0006404517101379456
0.0006399009619898219
0.0006375797766554787
0.0006365214572739367
0.0006311925182097052
0.0006308573772871767
0.0006304657556574108
0.0006295731567526695
0.000623463866398761
0.000622194175662614
0.0006219152637686872
0.000621319349191786
0.0006166702562017693
0.000614121238812629
0.0006126587111669372
0.0006121536859137232
0.0006119830773968972
0.0006071133740595934
0.0006031297905712682
0.0005993779035048379
0.0005985279892369256
0.0005981475876131935
0.0005960460032199582
0.0005948153246701302
0.0005918236646782433
0.0005916724684915666
0.0005910161877575543
0.0005843840485934159
0.0005818052358745054
0.0005801239303535972
0.0005780609111347909
0.0005758288382469643
0.0005756470701702356
0.0005755455190690955
0.0005707026431596231
0.0005674791635677409
0.0005634990384188322
0.0005626091682928847
0.0005554163836465802
0.0005541204644210792
0.0005524770591643206
0.0005494703961887518
0.0005479337427151677
0.0005476273445497539
0.0005448665554176502
0.0005433394975870517
0.0005386983891955793
0.0005385772970336445
0.0005369951386862148
0.0005368983435631251
0.0005360578149983621
0.0005327974210082351
0.000527926097446127
0.0005271011961465239
0.0005269916969197789
0.0005226268392963087
0.0005221302905981135
0.0005201576162899789
0.000520112486334262
0.000519158813795192
0.0005186672805206042
0.0005185894926066918
0.0005185186481178047
0.0005165719430491951
0.000516143155075939
0.000512892749042231
0.0005059832653364295
0.0005055016691914727
0.0005043191194283344
0.000504115890506835
0.0005016354901152694
0.0004969244187114431
0.0004964525213647501
0.0004889641511031198
0.0004885802068504626
0.0004880976740365662
0.00048807379181807964
0.0004876535821409585
0.0004862531566384974
0.00048557438949258717
0.0004845706831641961
0.00048386967551806233
0.00048225366713398876
0.00048176540532978687
0.0004803518070149144
0.0004786791783508185
0.0004786522091322199
0.0004778128732325647
0.0004764575820514566
0.00047508617418512227
0.00047480576234007216
0.000473234818447331
0.0004725953208019543
0.00047255384960144227
0.00047151147576934946
0.0004706121858076242
0.0004678936405120728
0.00046672754235931355
0.00046351455597883604
0.0004631844193141206
0.0004611343262025159
0.0004607062545549311
0.0004588755540897798
0.00045765676723305115
0.00045730471723034094
0.00045689154847631787
0.0004552400697660252
0.00045288314190491594
0.00044983508932756454
0.0004480158808740089
0.0004477112556725019
0.0004474655430050541
0.0004471525444330941
0.00044644862428726804
0.00044508509846197106
0.00044367492126647914
0.0004428877513804326
0.0004424647330697833
0.00044168406426174016
0.00044087206518017336
0.0004353354801078593
0.0004349924019178876
0.0004349624824935606
0.0004349510675991398
0.000434822678571776
0.0004308283879342476
0.0004290838586647837
0.00042647789777406524
0.00042615586364200324
0.00042039553242425036
0.00041910440816135595
0.000419013725149074
0.0004186551860271969
0.00041841476107399325
0.0004166967265227131
0.0004150206297318429
0.0004136686970344801
0.00041294396742723737
0.00041257206146931
0.0004124093589405413
0.00041237741917235683
0.000411667475937615
0.0004110043908082762
0.00040966581112326765
0.0004085180015774559
0.000408202078308793
0.0004071379116198596
0.0004070920897543077
0.00040283120020714457
0.00040197994739627353
0.00040160706658230044
0.00040133495015160685
0.0004008926128450545
0.000398560855264513
0.0003984449541732402
0.0003979544353873867
0.00039759657280274074
0.0003953677978701051
0.0003952231254921983
0.0003921367492002734
0.0003895231502504972
0.00038917051593147277
0.0003890076859086782
0.0003884179037640421
0.0003859706683965279
0.00038556685532424844
0.0003806462888690485
0.0003801913269554308
0.0003793174190343635
0.00037737151767661733
0.0003765610206843061
0.00037597310895643647
0.0003750239195137426
0.0003735447791623588
0.0003733450872024518
0.00037186361869551816
0.0003702398155224336
0.0003701989881121628
0.00037008750330734866
0.00036997545681884835
0.00036996321474654483
0.00036556815174217333
0.0003632631264735693
0.0003629839205231079
0.00036288452972103077
0.00036077197204745345
0.0003604064066884816
0.0003579482024192132
0.0003560082560327691
0.0003553550150762897
0.00035531216165924804
0.00035452625317141246
0.00035365980343082625
0.00035148236055024306
0.0003509436103801428
0.00035040055770988506
0.00034814616429419004
0.00034804807787730443
0.00034472385612367435
0.0003435418677293403
0.0003419054877267936
0.00034167017360452846
0.00034107889616325605
0.0003400486148516632
0.0003400486148516632
0.0003397997671660045
0.00033924555059937236
0.0003391600722160796
0.00033902027621183876
0.00033722431848308117
0.0003363819715019919
0.0003355131757013034
0.00033550335358466905
0.0003346784511345255
0.0003339927413716883
0.000333919830550044
0.000333919830550044
0.0003338259255274144
0.00033348530753688567
0.0003332739947784621
0.00033292909680522593
0.0003315029002308369
0.00033130105514413214
0.0003307413523426974
0.0003306581695027861
0.0003283006245268853
0.00032788073624922913
0.0003216700493306724
0.000321433994043082
0.0003197101390952459
0.000319115697127643
0.000319115697127643
0.00031904928357569706
0.00031862751782939133
0.0003184867432967471
0.0003184867432967471
0.00031829900690387
0.0003179319385254138
0.0003178923013291442
0.0003178923013291442
0.0003178923013291442
0.0003175045292535595
0.0003173009881947021
0.00031719436402651057
0.00031681034832580065
0.00031668446854969613
0.00031597639505784764
0.0003156606799104329
0.0003142490435400281
0.000313391329678692
0.00031288789479098434
0.0003124126547947862
0.0003120024403419856
0.0003109225463008775
0.0003093609268353542
0.0003082666219384644
0.00030799485384465727
0.00030730659055247327
0.00030668820565202704
0.00030633338771156684
0.00030546366494220184
0.0003053498774221263
0.0003050458783761377
0.0003050458783761377
0.00030388972482950924
0.00030342477792168627
0.0003017033599598985
0.000301260601350796
0.0003008930721036361
0.0003007704341357881
0.00029847335492279824
0.0002951644248459308
0.0002918301284137682
0.00029072051980302816
0.0002906287194250655
0.00028994604257120016
0.00028937969807924045
0.0002832142996179885
0.0002819112794630043
0.00027958831833406445
0.0002795428697822175
0.0002765385545732038
0.000275070235566482
0.0002635750556053275
0.00026206434485289044
0.0002578226607672784
0.00025579043319643466
0.0002555457874524317
0.00025550136983157746
0.0002530563379426079
0.0002473270085423976
0.0002468152097506679
0.00024420313290243886
0.00023926178938318317
0.00023926178938318317
0.00023808428388518137
0.00023624286683926753
0.00023624286683926753
0.00023463685494949296
0.00023463685494949296
0.00023342468770736223
0.00023247049831597423
0.00023233954827341546
