0.0017063240576295035
0.0012203205314582904
0.00035457385705544377
0.0014720989126034592
0.0009807013414222642
0.0033559002505026683
0.0013797019874237145
0.0012199129131995386
0.0018747148319301378
0.0014244463472737293
0.0004390780161530599
0.007536407712721869
0.009878390994337278
0.002128847664602123
0.003982460292938365
0.000535392279360701
0.0004917734546408623
0.007420169602712488
0.005038871509569742
0.0023289356619933
0.0021698657386050478
0.0011238942128079647
0.0003197101390952459
0.0015269548764619532
0.017874278545937393
0.0006351600554162694
0.0018193235623113614
0.020361287211963917
0.002438662333103265
0.00043264026256474174
0.01719411440665818
0.0005618193720062679
0.0006088360974566961
0.00036952094207471004
0.0006962436086885878
0.0007043372879299198
0.0004847839039607135
0.0010931689050902246
0.0018340452425157393
0.01892756923119267
0.0018467496394184645
0.0017898428885235209
0.0018948921791611187
0.006213929486212735
0.009986073090248212
0.0001119350629944786
0.0010611762262530394
0.003435937552359478
0.001014427764199668
0.0026627247002852495
0.0025248313000633816
0.016137491054512763
0.00047302812240351594
0.0004912120413997744
0.0010945149560861473
0.001842840309541923
0.0009473085140860392
0.00569308019442228
0.0010226166292718146
0.026654228454584553
0.0026944359178705662
0.00032770618255928234
0.0009334391656899781
0.0003767497053489088
0.043869773705155414
0.0008866987353236695
0.0019075829075087863
0.002608335644706416
0.001263962442903713
0.0005783771200855958
0.03946971899751876
0.004037605867469277
0.018080240850117814
0.00044257806824722157
0.0004071062397041764
0.0003901158837898088
0.0013055018166172334
0.007474697781938995
0.015781717619554898
0.002137691973366317
0.0003607555720245824
0.011953654741750374
0.0003197101390952459
0.0019788725672133
0.000457791379986218
0.007282773360413851
0.0007719543877616505
0.0003412313583980296
0.003403312787653065
0.0007550767574300727
0.0003269660340945716
0.003156795857352796
0.0006940860943569089
0.0010873042335154952
0.0006535886558829306
0.0010386940024577095
0.0022506285266657333
0.000319115697127643
0.0014117015655572504
0.0011142290188702487
0.006734160902799444
0.0028057060581559135
0.007612883105082899
0.00033844975329130195
0.0007314049850094587
0.0020437406591011908
0.0024050705068154577
0.001502553558630962
0.0016483171681724112
0.0015198999142894206
0.0019432245277103933
0.0008149778404405287
0.005412092673922552
0.0003839627471126085
0.0013351424449508152
0.0030559710744286926
0.017455878470434463
0.0006771592028190866
0.0010691067602714853
0.01611927567541468
0.0008823776754132831
0.002622925911081621
0.0003184867432967471
0.0149131486601791
0.0003656828131707968
0.001671496505278486
0.002270710629765729
0.0019817423258284192
0.0341000903149633
0.0011764767611281946
0.0006141064453909623
0.0018142818301804292
0.0015587534818669476
0.0014241808508116348
0.009106197773098044
0.010595958636741159
0.0028757933212025097
0.0006492260932698839
0.011826273189181122
0.005582239369127026
0.002310760094393841
0.0014087459542840722
0.0003967531107731775
0.0010429656038942205
0.0004918429238554144
0.05813108349492689
0.0016596176549761952
0.003083487951219344
0.031184350674270566
0.00043143107035819455
0.0021032570374394863
0.03324621089257822
0.01157450944946202
0.0024561940157344832
0.001809569005818913
0.010957128970043742
0.0012120689879927878
0.20329423579507688
0.005572425251716326
0.004673349510103137
0.005057881392772144
0.004008251060848125
0.0003795262140070295
0.0010562207018259778
0.0003663504858222675
0.0017254502368299902
0.005014366271223204
0.0003818261720639455
0.009672830258101325
0.00034873624891663675
0.0003868142329498154
0.007231086145956535
0.0014837533604127623
