0.0013397876157825851
0.00044784466168808483
0.005460918621264892
0.00048547240890169454
0.0024941208177165354
0.0019363059769129407
0.026451149623682852
0.025986129015598863
0.0013033798538653347
0.10142622900221578
0.0006913017551696357
0.010245518724540839
0.001504407039258323
0.00629711011355804
0.02513360939160344
0.0012963302580192729
0.0014141954603009768
0.005887955538994679
0.0007619813116940865
0.0003052662647501939
0.0005782690531660819
0.0027049182023629794
0.0018908991562003232
0.0006301024052910264
0.0012233868987917363
0.0006370347755203866
0.006034760761338058
0.0034569155849770153
0.00039328174159771444
0.002941249332547796
0.000336480993141586
0.0008460290637951929
0.0024719949563021793
0.001825954465592197
0.014031824366895096
0.0027528475185974134
0.004851164616996212
0.00029028678547141453
0.0035379527328821114
0.008758763945038005
0.0015262695900364472
0.03577429112465489
0.011381320238963665
0.0006889268392941073
0.0004268445728597515
0.09801466687069553
0.00032017701172513773
0.012248558549302485
0.0011491200558606987
0.006840635125750682
0.0014014547622038082
0.006441532836099011
0.00655323860783969
0.003154089235580198
0.0002767575148746672
0.002575058543119608
0.008999413610850679
0.0013417859524692025
0.0005096986854007704
0.0045880973152686464
0.0005380917707190281
0.001420189768531878
0.001400393785374447
0.06797589055956119
0.004179747910034101
0.0021543388153618054
0.001017735440984009
0.0010616015218082534
0.0029178486941304847
0.001297416741037165
0.002169610721720064
0.007590369026086716
0.0007112895512966302
0.0015591064981806354
0.000853420496942424
0.0006767026701714677
0.004854954352922148
0.0010967233684686388
0.00732820258748351
0.0009291324549978937
0.004948272790138701
0.01571029978853544
0.018026994739570746
0.011086644549162056
0.000496844252192368
0.0019616111316710133
0.0147544458886468
0.01022330335351081
0.0018884399156742194
0.0041361117527500026
0.2750804207875178
0.0006510978626893452
0.0003281807655891403
0.008219443459726921
0.017041101770076124
0.02659713693805861
0.021332749533581028
0.0012019273628622621
0.013407422182055805
0.008059990389407416
0.0003658888221003876
0.0002979615221998759
0.01308018191835373
0.0002854070656921901
0.00029161376686695544
0.0008086607816303326
0.000969048220875781
0.0006625277799667212
0.00341557860051609
0.0013105453233140953
0.0015953930995398942
0.003500184994059204
0.0003235884740006659
0.0018763012645705705
0.021222939425476567
0.0010272990915353609
0.006224221784584216
0.000389445803579996
0.0008813858952404463
0.0004198352575024492
0.006311572475822568
0.0018637792659808338
0.00013137838614079618
0.001509175803620423
0.0018701903100858683
0.0052641722750955645
0.0008515271426357
0.002193886806945898
0.0004652067011814483
0.0060615522740461135
0.0036020355887331425
0.0019303166214625141
0.00029478298794196993
0.009475083867734721
0.0068612581426501125
0.006570749111407955
0.00351031236454288
0.00033606120304642935
0.00032864952271532575
0.005049631294731867
0.0005955822697115569
0.0026007452160693705
0.00028236132978245223
0.0016398485909964236
0.07010172292298111
0.0003133683222888604
0.0015027919802616428
0.004249673552585435
0.0004256848113550368
0.0066406968386316925
0.00034365764947129546
0.003355265249462585
0.005308079222525545
0.005774886894371037
0.06226339431378606
0.005834654273040429
0.004040920337929736
0.004469248176155488
0.0003198585839566321
0.0019731361736930915
0.0029073402147348046
0.0038443416306358533
0.008845798529908178
0.004355534522195141
0.0007473976670869531
0.0013501632873665506
0.012674103112930052
0.0009862540198609725
0.00733476183619603
0.0046910010251411454
0.0058615863433364975
0.0016551190310896329
0.00029292165597184615
